0.028
0.03226
0.0
0.0467
0.1222
0.01648
0.033
0.1377
0.03772
0.3875
0.938
0.05432
0.09985
0.001619
0.0
0.0
0.705
0.003178
0.2412
0.00934
0.01469
0.03152
0.0
0.1315
0.05045
0.016
0.0794
0.07385
0.10754
0.1217
0.0782
0.2198
0.5015
0.1033
0.166
0.01945
0.1169
0.06415
0.11835
0.1843
0.00514
0.04022
0.04398
0.4421
0.02513
0.01868
0.11414
1.304
0.3772
0.02003
0.0779
0.2637
0.02037
0.3323
0.02036
0.1333
0.0408
0.2091
0.0641
0.0885
0.0435
0.00885
0.00874
0.0727
0.5127
0.1663
0.4236
0.04404
0.0009756
0.03143
0.00943
0.0
0.03644
0.0974
0.0706
0.02974
0.00981
0.02791
0.04688
0.0912
0.1017
0.02438
0.0099
0.02846
1.009
5.707
0.1292
0.002077
0.0867
0.0
0.00978
0.3284
0.148
0.02367
0.1006
18.05
9.11
0.4736
0.1774
0.106
0.1227
0.1009
0.1558
0.775
0.8193
0.4998
3.068
5.375
2.482
1.84
0.0
0.0437
0.02266
0.0535
6.625
4.023
10.414
8.984
0.637
4.387
2.676
0.694
1.155
2.043
0.4695
6.176
1.538
1.452
11.9
2.639
5.15
13.49
1.311
1.5625
1.475
3.596
4.543
1.315
2.85
5.938
15.16
2.65
2.246
1.826
5.555
3.438
4.543
3.867
9.695
7.758
8.68
3.363
10.35
19.02
0.3088
3.562
0.7607
7.863
35.4
6.023
19.84
3.559
1.46
80.1
13.58
0.0985
0.1819
0.2401
2.527
0.592
2.625
1.491
2.574
1.845
2.338
2.912
0.4905
1.635
0.4783
0.2603
0.2644
1.27
5.438
0.263
2.01
0.4583
4.824
0.1904
0.3943
0.3704
0.2487
0.356
0.0
0.0
0.4846
5.254
1.165
11.65
0.0
0.0
0.11035
0.3743
0.1936
1.309
0.185
0.1565
4.207
0.8906
17.27
0.05856
0.00816
0.01845
0.05298
0.213
0.02386
0.07324
0.2822
0.1039
0.1874
0.5137
0.09717
0.05923
0.01311
0.01222
0.003302
0.07477
0.00674
0.322
0.2866
0.0162
0.04993
0.0
0.2695
0.05005
0.1116
0.1791
0.0262
0.05768
0.02003
0.1566
0.1823
1.059
0.0
0.3162
0.04196
0.02153
0.0948
0.1175
0.2788
0.015114
0.05664
0.04095
0.356
0.1377
0.03708
0.2346
0.978
0.1782
0.07947
0.04596
0.2563
0.02316
0.3145
0.2637
0.0758
0.0
0.10205
0.07965
0.1401
0.07916
0.01342
0.006184
0.01945
1.1
0.2292
0.2356
0.3896
0.275
0.004448
0.205
0.0
0.07
0.06012
0.2325
0.0361
0.0
0.2063
0.205
0.0897
0.02895
0.0
0.0
0.05667
0.4316
4.043
0.1415
0.01542
0.1547
0.00817
0.0
0.00892
0.284
0.09314
0.066
2.32
9.52
0.2737
0.3228
0.0482
0.29
0.1383
0.09875
0.1652
0.5435
0.8047
0.745
5.832
1.456
1.855
0.03943
0.2769
0.07196
0.1212
3.72
4.254
1.574
2.422
1.737
7.848
3.686
0.3015
1.24
1.643
0.2979
2.111
1.109
1.675
5.76
1.937
2.85
9.586
0.2158
1.678
2.117
2.6
2.46
1.139
3.055
2.7
8.24
1.858
2.908
2.738
3.564
2.252
1.979
3.676
3.492
3.797
4.023
6.426
3.549
7.68
0.4917
4.113
0.362
10.1
23.36
3.639
26.23
4.223
1.95
50.22
10.94
0.3708
0.3037
0.643
2.67
0.0
2.527
1.236
1.224
2.48
2.25
0.6123
1.234
1.931
1.881
1.104
0.4219
3.867
18.3
0.7305
0.979
1.3125
4.465
0.2507
1.52
0.323
1.266
0.6177
0.03476
0.03052
0.513
1.379
0.8223
4.766
0.0
0.0
0.0834
0.2764
0.03038
2.361
0.2527
0.3342
2.174
0.3713
41.12
0.005005
0.1453
0.04553
0.1044
0.4011
0.09393
0.1181
0.9526
0.3704
0.2228
0.373
0.1382
0.11774
0.1213
0.1693
0.096
1.33
0.03406
0.7505
0.715
0.2976
0.08514
0.013504
0.501
0.02199
0.1401
0.2407
0.01111
0.1709
0.06384
0.1802
1.098
1.006
0.0
0.6333
0.08594
0.1185
0.133
0.0725
0.407
0.0454
0.03384
0.1976
0.742
0.1595
0.123
0.2421
1.288
0.305
0.4949
0.08966
0.1888
0.09204
0.225
0.61
0.0438
0.141
0.09705
0.11993
0.00373
0.3132
0.02007
0.0516
0.104
2.0
0.5967
0.3147
0.5625
0.2832
0.05896
0.3542
0.03973
0.0778
0.02754
0.3113
0.242
0.0
0.3423
0.308
0.1661
0.1042
0.0
0.02713
0.369
0.4478
1.895
0.1876
0.02475
0.207
0.06256
0.1992
0.587
0.4646
0.1754
0.0652
1.05
6.63
0.3462
0.4888
0.0866
0.625
0.1678
0.1799
0.6626
0.5576
0.924
0.2075
8.49
1.483
1.596
0.1938
0.348
0.278
0.129
1.124
3.396
2.248
1.64
2.117
3.582
2.842
0.2269
2.475
4.098
0.24
4.03
1.436
1.257
0.8765
3.707
1.872
3.58
0.8164
2.607
1.795
1.997
4.484
0.723
1.453
2.207
4.34
2.934
2.455
0.9526
3.236
2.836
1.175
0.9746
1.048
2.111
2.67
6.992
1.191
3.271
2.068
1.968
1.029
4.54
9.07
1.146
5.906
3.658
2.396
20.47
5.848
0.2559
0.1466
0.857
3.986
1.733
4.44
5.816
1.421
3.744
4.05
1.417
1.523
1.181
4.258
3.889
2.031
6.098
25.47
2.184
0.802
1.8125
2.094
0.4478
1.267
0.2847
2.318
0.671
1.298
0.588
0.04684
2.674
0.651
0.537
0.11163
0.0927
0.4216
0.292
0.00342
3.2
0.505
0.893
1.84
1.413
8.42
0.0749
0.6016
0.93
0.5938
0.3132
0.209
0.543
1.676
1.436
0.28
0.3162
0.5776
0.5625
0.1777
2.37
3.186
5.05
0.1209
1.011
0.3635
0.9863
0.4958
0.04742
0.622
0.00666
0.7705
0.1299
0.0964
0.2717
0.0948
0.6045
1.538
0.755
0.2295
1.049
0.0993
1.285
0.1476
0.437
0.43
0.04007
0.5684
0.1345
0.6055
0.04507
0.11304
0.4314
1.528
0.3372
0.6157
0.2937
0.04538
0.219
0.5186
0.582
0.1528
0.4434
0.1903
0.6304
0.1461
0.3752
0.2583
1.2705
2.25
2.14
1.707
2.143
1.16
0.896
0.605
1.18
1.073
0.5054
0.1501
1.266
1.527
0.1015
0.602
0.6157
0.1714
0.304
0.07007
0.11993
0.2133
0.492
1.498
0.8774
0.1081
0.4573
1.755
0.9595
4.617
0.6875
0.3047
0.352
1.195
1.559
0.522
0.2032
0.661
1.146
0.674
1.351
1.201
0.9277
0.8804
0.5693
4.703
0.6465
0.801
0.2262
0.34
0.7437
0.11664
1.431
3.871
4.867
1.146
2.08
1.234
1.44
0.255
3.953
7.656
5.176
5.145
2.156
1.197
1.134
2.45
3.459
4.695
1.347
1.477
4.293
2.654
3.709
0.942
0.972
1.583
0.956
1.326
1.481
1.322
0.839
4.67
1.104
1.185
0.7686
0.669
0.847
6.188
1.467
3.637
2.152
4.156
1.493
2.277
9.9
0.636
10.734
2.139
1.748
19.86
1.764
2.473
4.957
6.414
9.445
20.22
7.867
6.234
3.71
5.06
8.586
9.375
9.57
1.604
3.387
4.97
4.06
9.24
40.7
3.113
3.19
1.632
1.267
2.352
3.316
1.341
5.906
4.92
5.77
5.92
3.586
3.674
1.136
0.3833
0.1876
1.376
2.72
1.771
3.229
17.77
3.693
4.336
6.4
4.16
11.86
1.558
2.758
1.668
1.794
0.367
1.467
0.7656
0.904
2.201
0.1903
0.3518
2.45
1.166
1.965
1.754
1.516
4.36
2.75
1.095
0.745
0.5093
0.953
1.046
0.4153
0.722
0.5903
3.5
0.6914
1.7705
4.55
1.253
0.847
7.137
3.693
1.696
4.023
1.057
1.736
2.666
0.5044
1.16
1.0625
0.8306
1.726
0.1164
1.063
0.256
1.755
0.2096
1.042
0.4666
0.07263
0.4343
1.01
1.9375
0.4617
5.01
1.796
1.12
1.438
1.516
2.582
5.9
11.805
12.945
2.617
4.312
0.7466
1.753
3.123
3.744
4.938
6.91
4.97
2.133
4.39
2.375
1.86
0.735
0.556
1.27
0.691
0.7817
1.191
0.575
2.53
2.234
2.586
2.479
11.51
4.81
18.34
2.92
1.215
2.217
0.5815
0.925
0.1489
0.1156
1.868
1.419
2.098
2.05
1.463
1.586
1.216
1.5
0.836
0.818
0.558
3.578
2.723
0.7217
1.102
0.7427
3.332
49.66
1.085
3.455
1.156
0.871
2.115
4.254
6.477
6.902
2.814
2.506
0.9575
1.565
4.004
9.84
2.303
5.332
1.655
6.977
4.395
3.904
0.976
0.5527
1.844
0.8125
2.63
1.242
1.67
0.2404
2.299
0.6006
1.075
0.552
0.010185
1.66
9.66
1.103
1.445
1.664
2.62
1.266
5.156
19.14
0.63
9.25
2.475
3.541
16.8
4.562
32.94
35.5
37.2
14.45
53.5
10.7
17.3
4.848
2.734
9.81
19.8
21.52
1.0625
0.4878
2.916
3.504
3.73
2.9
1.921
10.914
3.99
0.7446
7.926
14.34
4.54
3.66
8.664
18.19
29.2
42.34
3.408
3.248
0.3777
8.63
5.34
6.094
24.61
15.84
57.5
14.23
14.86
7.17
6.21
38.38
0.2433
1.54
0.7886
0.1841
0.5073
0.1259
0.254
0.3152
0.8477
0.273
0.3457
0.0331
1.473
0.10547
0.855
0.3208
3.66
0.2069
0.468
0.5933
0.2178
0.66
0.10736
0.08264
0.06445
0.0629
0.2666
0.08545
0.0904
0.2007
0.4055
0.52
0.10425
0.4778
1.448
0.4875
0.1698
0.3328
0.3252
0.3123
0.4478
0.96
1.008
1.206
0.04523
0.0252
0.597
1.03
0.1288
1.129
0.432
0.3647
0.1088
1.24
1.749
0.1769
0.5195
3.17
0.9985
1.802
1.833
2.957
0.642
1.454
2.578
1.604
2.715
0.53
1.14
2.422
2.176
1.831
1.941
0.3345
1.488
1.192
0.205
0.1439
0.498
0.3794
0.154
1.745
1.05
1.319
0.3357
1.795
0.725
0.3481
3.057
4.88
2.074
7.71
1.896
1.404
0.3381
2.537
1.362
0.389
0.2612
0.969
1.046
0.9053
0.8955
1.277
1.409
0.766
19.42
0.3884
0.9673
0.4062
0.3328
0.727
1.107
0.2485
0.5234
3.121
18.9
1.517
2.746
1.097
0.8833
0.3472
2.885
3.11
5.164
4.17
2.746
1.734
1.401
3.617
3.695
1.356
5.062
4.22
4.844
3.625
1.282
0.9663
1.206
2.105
2.402
1.656
1.652
2.215
0.752
1.525
0.7163
1.95
0.6313
0.774
1.747
5.914
1.269
1.928
1.99
1.037
2.225
4.59
16.55
0.4978
8.15
1.368
1.201
31.31
2.299
5.22
3.559
8.02
7.18
16.39
5.023
8.74
6.168
3.31
9.336
7.426
3.152
1.623
0.711
1.346
1.255
1.738
1.766
0.7417
12.195
3.66
0.2869
3.137
6.145
1.517
1.045
2.441
6.082
8.266
17.86
2.316
3.533
0.515
1.611
1.527
0.981
6.168
1.081
17.52
6.1
4.9
2.783
5.938
21.08
0.10425
0.519
0.0779
0.08954
0.4668
0.03088
0.0942
0.268
0.185
0.2043
0.3425
0.0
0.5713
0.02042
0.0661
0.3953
0.3347
0.1655
0.08215
0.1287
0.2067
0.1982
0.01747
0.05142
0.0482
0.1333
0.1584
0.0326
0.1272
0.006844
0.1888
0.01361
0.3125
0.1085
0.5615
0.2595
0.0957
0.0666
0.09064
0.1753
0.2715
0.2053
0.1444
1.296
0.05768
0.0
0.2477
0.5933
0.1289
0.7056
0.2402
0.435
0.086
0.5894
0.02426
0.228
0.817
0.717
0.313
0.706
0.3774
0.1246
0.1047
0.11554
0.5137
0.1514
0.85
0.3093
0.3079
0.3042
0.0839
0.3674
0.00913
0.1486
0.08826
0.0783
0.06198
0.0827
0.05563
0.567
0.002882
0.6567
0.1401
0.751
1.577
1.114
0.4478
0.075
0.5503
0.5947
0.7217
0.6514
0.436
0.09393
0.07965
9.61
0.526
0.528
0.2074
0.3342
0.293
0.12134
0.2405
0.931
0.4797
0.965
34.7
0.2123
0.3706
0.8237
0.4487
0.758
0.3296
0.1544
2.184
5.047
13.1
4.645
1.271
2.723
0.9507
0.696
0.741
1.149
2.756
3.057
1.467
2.02
2.006
1.538
1.745
1.722
8.09
4.117
1.382
2.94
1.6
0.89
2.266
1.938
1.039
1.088
1.124
0.9907
1.272
3.367
0.751
0.607
1.144
1.669
1.577
6.62
1.057
4.766
0.5107
4.324
1.281
3.844
10.836
1.79
7.043
3.102
1.143
31.48
2.88
0.565
0.7256
1.579
8.92
1.132
0.846
1.915
3.588
0.9727
2.816
5.164
0.513
1.408
0.5923
1.0
0.4077
1.679
1.172
0.8896
8.09
0.605
1.31
0.5483
1.407
0.2937
0.283
1.809
2.51
0.10114
2.281
2.842
0.7314
1.192
0.0753
0.5376
0.1731
1.001
0.3337
2.719
0.513
0.48
1.282
2.34
14.35
0.001152
0.02473
0.02023
0.07965
0.2109
0.05438
0.01788
0.06174
0.01286
0.1608
0.5103
0.05472
0.1788
0.0
0.0
0.01878
0.0
0.015274
0.0874
0.0
0.07794
0.09216
0.012405
0.04022
0.01284
0.08563
0.0
0.0388
0.05283
0.02017
0.0836
0.06015
0.3572
0.1483
0.2001
0.1088
0.09766
0.004654
0.0227
0.2927
0.02162
0.0694
0.05173
0.83
0.10333
0.00579
0.09546
1.201
0.1525
0.0951
0.281
0.3503
0.323
0.1625
0.02702
0.2693
0.1954
0.2179
0.3406
0.1637
0.1475
0.07336
0.1113
0.0
0.3284
0.02013
0.127
0.02698
0.2068
0.125
0.0
0.00395
0.03772
0.1635
0.01569
0.1594
0.0644
0.1145
0.001579
0.3457
0.0
0.1231
0.0638
0.5576
2.84
1.42
0.2764
0.02924
0.05865
0.0384
0.1672
0.679
0.11505
0.0
0.1131
23.12
2.723
0.395
0.2495
0.159
0.2358
0.0507
0.1898
0.4302
0.8794
1.687
41.75
0.1931
0.4397
2.562
0.05383
0.3782
0.1071
0.1991
6.055
2.553
8.13
3.531
0.8755
3.275
3.041
0.3132
5.062
1.03
0.847
4.586
1.148
3.406
3.887
2.332
1.846
7.03
12.2
2.969
1.802
1.968
1.128
0.869
1.64
0.659
2.455
1.349
2.691
0.645
4.457
1.794
3.113
2.117
3.135
3.484
0.4968
3.47
1.754
4.92
0.3018
5.812
0.941
6.527
17.36
4.23
38.4
3.207
0.8843
28.11
10.23
0.2708
0.2864
1.014
6.78
4.934
0.794
1.803
5.176
2.244
0.413
1.15
0.4875
0.969
0.339
0.517
0.1832
0.612
1.603
1.231
1.93
1.28
2.96
1.205
3.23
0.1142
0.1292
1.531
0.6855
0.2603
0.9424
4.824
0.9673
7.926
0.00943
0.005405
0.03336
0.4548
0.1255
3.236
0.3013
0.1672
4.285
0.3423
19.08
0.0
0.03235
0.002192
0.1051
0.0774
0.02078
0.01264
0.0
0.006065
0.3022
0.963
0.0377
0.2576
0.0
0.0
0.0
0.705
0.01473
0.1617
0.0
0.02989
0.0895
0.0
0.1307
0.001731
0.01087
0.00694
0.03702
0.11383
0.1215
0.03003
0.4004
0.3684
0.3916
0.1732
0.0794
0.123
0.0496
0.04227
0.1278
0.02968
0.02269
0.02385
0.1758
0.02527
0.01862
0.0391
1.588
0.1974
0.04047
0.3967
0.299
0.505
0.1394
0.0
0.1462
0.07794
0.2366
0.09845
0.1049
0.1968
0.05463
0.03873
0.06854
0.1857
0.013664
0.397
0.05795
0.0
0.03143
0.0
0.0476
0.01968
0.2644
0.143
0.1451
0.01183
0.0432
0.0
0.1213
0.03406
0.03394
0.0874
0.1968
1.506
6.332
0.16
0.002077
0.1021
0.0
0.1059
0.708
0.10913
0.005413
0.2874
19.62
11.61
0.485
0.16
0.09125
0.1777
0.10364
0.2291
0.8677
1.133
1.414
37.53
0.961
1.849
3.9
0.00425
0.256
0.079
0.05295
6.875
4.047
19.94
6.766
0.511
8.97
3.385
0.532
5.098
1.277
1.203
7.293
0.96
2.928
10.41
4.184
5.07
13.414
10.03
2.014
1.696
3.11
3.477
1.482
1.592
3.613
9.984
3.914
2.639
1.698
7.156
3.81
2.639
4.11
5.89
7.656
5.11
4.04
4.453
6.234
0.3748
2.086
0.8184
4.05
21.1
5.863
35.5
0.85
0.7983
84.75
13.695
0.2937
0.11206
0.1427
6.76
3.79
2.96
2.65
5.426
3.793
1.946
3.867
0.998
1.245
0.1444
0.3442
0.0667
2.055
2.127
0.3794
1.373
0.9507
6.754
0.5327
0.52
0.4824
0.0515
0.4827
0.0
0.05258
0.01883
5.047
2.672
8.64
0.0
0.007313
0.02513
0.7124
0.542
3.186
0.1929
0.0
2.709
0.72
9.24
0.03802
0.1678
0.002192
0.0
0.0
0.1648
0.002108
0.5107
0.0244
0.02766
0.05618
0.0
0.1636
0.0472
0.009964
0.05347
0.342
0.1428
0.0724
0.06354
0.1445
0.1676
0.0553
0.10266
0.010574
0.3008
0.158
0.0636
0.2148
0.00924
0.04657
0.07025
0.675
0.0289
0.03287
0.2184
0.2411
0.3738
0.01727
0.07184
0.2964
0.02567
0.2864
0.0524
0.224
0.00861
0.06805
0.3635
0.0897
0.1099
0.00963
0.006855
0.02696
0.171
0.12115
0.1299
0.1284
0.001976
0.02573
0.01079
0.0
0.01978
0.1376
0.1902
0.0555
0.01581
0.05884
0.0734
0.10657
0.1613
0.01964
0.01092
0.02007
0.754
1.958
0.1672
0.001535
0.11
0.0
0.00938
0.0516
0.1032
0.01976
0.2083
8.04
17.08
0.4875
0.2194
0.1033
0.146
0.1098
0.3828
1.12
0.796
0.625
1.723
7.016
3.469
0.8125
0.0
0.02567
0.022
0.1274
6.875
5.31
2.332
30.03
0.7544
2.77
4.96
0.8555
3.117
2.143
0.3848
5.863
1.596
6.33
15.71
1.878
6.18
6.57
1.25
1.397
0.7793
3.863
5.73
1.268
1.898
6.277
7.867
2.965
4.473
4.312
4.37
5.164
5.613
4.758
10.31
8.69
4.082
1.926
10.18
12.42
0.2452
1.996
1.063
3.754
6.188
5.0
2.39
5.598
6.75
5.055
8.87
0.06726
0.28
0.11316
2.209
1.122
1.888
8.38
2.963
1.1875
31.52
4.492
0.3389
2.67
1.16
0.5195
0.7627
1.534
2.332
0.3582
0.81
0.632
9.26
0.3662
0.1735
0.2744
0.1344
0.2382
0.0
0.0
0.272
13.4
1.075
11.51
0.0
0.0
0.1536
0.2395
0.1709
0.3027
0.1833
0.2094
5.234
0.7876
2.994
0.3557
0.1017
0.0278
0.2491
0.0375
0.2878
2.418
1.113
3.25
0.08374
0.0
0.068
0.09955
0.01773
0.00743
0.002136
0.01749
0.00447
0.6816
0.749
0.0305
0.0889
0.0
0.3352
0.04684
0.0694
0.12054
0.12134
0.07654
0.01191
0.1274
0.1199
0.3535
0.0
0.1954
0.0228
0.0554
0.2333
0.0631
0.325
0.02718
0.06555
0.0654
0.543
0.1583
0.0653
0.4487
0.1808
0.1766
0.0685
0.04242
0.2883
0.02919
0.271
0.6787
0.1274
0.0
0.03323
0.452
0.1421
0.2
0.0146
0.004845
0.00722
0.3667
0.1671
0.07227
1.137
0.556
0.003637
0.2344
0.0
0.03802
0.0849
0.6265
0.0674
0.0
0.435
0.321
0.1048
0.0459
0.0
0.0
0.03995
0.3225
1.387
0.1832
0.011406
0.1962
0.004738
0.0
0.001402
0.198
0.07776
0.1366
1.033
17.84
0.2815
0.3992
0.0469
0.3452
0.1504
0.2429
0.2388
0.528
1.007
0.4182
7.61
2.035
0.8193
0.0186
0.1626
0.0699
0.289
3.861
5.613
0.3523
8.09
2.057
4.953
6.836
0.3716
3.346
1.722
0.2441
2.002
1.15
7.3
7.6
1.378
3.42
4.668
0.2058
1.501
1.12
2.791
3.105
1.098
2.035
2.854
4.277
2.08
5.79
6.465
2.807
3.385
2.445
4.52
3.713
4.25
1.893
3.678
3.49
5.02
0.3904
2.305
0.5063
4.824
4.082
3.02
3.162
6.645
9.02
3.168
7.145
0.2532
0.468
0.303
2.332
0.0
1.816
6.953
1.407
1.597
30.34
0.9443
0.8525
3.152
4.562
2.203
1.217
4.67
7.84
0.9946
0.3945
1.811
8.57
0.482
0.669
0.2394
0.684
0.413
0.0444
0.1449
0.288
3.516
0.7583
4.71
0.0
0.0
0.116
0.1769
0.02681
0.546
0.2505
0.4473
2.703
0.3286
7.133
0.2225
0.179
0.0
2.742
0.2473
0.281
1.788
2.777
1.791
0.598
0.1906
0.09674
0.1979
0.1641
0.10297
0.06213
0.311
0.02258
1.59
1.868
0.5605
0.1517
0.01822
0.623
0.02058
0.08716
0.162
0.05145
0.2268
0.038
0.1466
0.7217
0.336
0.0
0.3916
0.04672
0.305
0.3276
0.03894
0.4746
0.0816
0.03918
0.3157
1.133
0.1835
0.2164
0.463
0.2382
0.3022
0.4265
0.08276
0.2124
0.11597
0.1938
1.569
0.0736
0.02975
0.0316
0.6807
0.00378
0.792
0.02184
0.04044
0.03857
0.667
0.435
0.0965
1.641
0.5737
0.04822
0.4053
0.03458
0.04224
0.0389
0.8384
0.4517
0.0
0.7217
0.483
0.1941
0.1652
0.0
0.0299
0.26
0.3347
0.65
0.243
0.0183
0.2627
0.03625
0.1909
0.0922
0.324
0.1465
0.135
0.4675
12.43
0.3562
0.6045
0.08435
0.7437
0.1826
0.4424
0.958
0.5415
1.155
0.11646
11.086
2.072
0.7046
0.0914
0.2042
0.27
0.3076
1.166
4.48
0.503
5.48
2.506
2.26
5.27
0.2798
6.676
4.293
0.1968
3.826
1.488
5.48
1.157
2.639
2.248
1.743
0.779
2.334
0.9487
2.146
5.656
0.697
0.968
2.332
2.252
3.283
4.887
2.25
2.549
4.26
1.452
1.199
1.114
2.365
1.256
4.004
1.172
2.139
1.642
1.103
1.439
2.168
1.586
0.951
0.7114
5.754
11.08
1.291
3.818
0.1747
0.2257
0.404
3.482
3.287
3.191
32.72
1.635
2.41
54.66
2.188
1.053
1.928
10.33
7.76
5.86
7.367
10.914
2.973
0.3232
2.5
4.02
0.861
0.5576
0.2109
1.253
0.4487
1.658
2.793
0.02629
6.82
0.6006
0.531
0.1364
0.216
0.587
0.1869
0.00302
0.7397
0.5005
1.195
2.287
1.25
1.461
0.1694
0.06506
0.541
10.375
0.2595
0.8423
1.822
2.203
1.394
0.3645
0.3164
0.4045
0.9463
0.2404
1.44
2.06
1.182
0.0802
2.14
0.95
1.857
0.8833
0.06396
0.7734
0.006233
0.4795
0.0874
0.4463
0.3608
0.05637
0.4917
1.012
0.2522
0.1228
0.6484
0.05396
3.307
0.3633
0.2347
0.501
0.072
0.658
0.2148
0.924
0.05188
0.199
0.825
0.2825
0.334
0.531
0.271
0.05103
0.276
0.4465
1.498
0.2568
0.09357
0.06192
3.576
0.1481
0.9487
0.281
0.9956
0.8345
0.714
1.245
0.657
3.383
1.813
0.4949
1.35
0.9346
0.2742
0.2122
3.41
2.85
0.1637
1.27
0.965
0.2003
0.482
0.0564
0.1322
0.1504
0.3677
0.514
1.137
0.07996
0.58
1.018
0.92
0.726
0.4795
0.2546
0.729
0.532
2.922
0.537
0.2512
0.644
1.364
0.733
3.322
1.736
0.9004
1.102
0.3196
6.137
0.9033
0.3535
0.1067
0.1997
0.7217
0.278
1.484
5.105
1.09
3.832
2.463
0.779
2.672
0.3142
10.664
8.02
4.242
4.883
2.236
5.22
1.496
1.743
4.152
2.287
1.284
1.321
2.27
2.852
4.68
0.9077
0.6475
1.673
0.496
1.484
2.947
3.123
0.6606
7.02
1.364
1.457
0.817
0.749
0.3984
3.541
1.442
2.375
1.709
2.328
2.088
1.087
1.731
0.5283
1.293
3.365
8.086
1.253
1.152
1.688
7.637
3.023
8.25
38.34
5.656
35.06
4.27
3.256
115.8
14.47
6.61
2.617
8.22
9.92
11.7
11.164
17.45
4.24
1.285
2.25
2.43
4.523
1.459
0.993
3.193
3.293
7.37
28.11
2.014
9.37
1.048
0.379
0.2291
3.203
3.787
1.134
2.85
4.11
3.658
5.805
7.957
3.68
2.057
0.187
0.05173
4.223
8.984
1.219
3.232
1.55
4.97
2.273
1.634
10.09
1.714
1.961
2.658
1.066
0.9805
1.02
1.824
2.318
1.947
0.959
1.698
1.411
0.5166
0.676
0.3674
2.355
3.201
2.35
2.705
1.019
0.557
2.385
1.977
1.049
2.186
2.719
4.273
1.432
0.588
2.086
1.23
1.326
2.633
0.1339
1.871
0.4897
0.3245
0.2078
0.8984
0.4307
0.08167
0.5474
0.8696
4.99
0.776
1.059
0.5845
6.36
1.458
3.83
2.81
4.62
4.38
4.32
1.908
1.323
2.178
3.549
2.555
4.285
4.3
3.752
7.02
5.742
8.195
3.83
3.924
1.151
0.65
2.012
0.556
0.862
0.84
0.43
0.8677
2.895
1.913
3.145
6.668
4.61
2.883
2.037
1.014
4.59
0.259
1.733
0.1532
0.143
1.819
1.688
2.283
5.04
2.115
1.54
1.5205
0.842
1.092
1.143
0.2463
1.6875
1.599
0.7007
2.625
0.771
4.395
11.12
3.627
4.09
0.73
1.615
2.607
11.48
6.79
5.656
2.672
2.6
4.176
2.066
2.852
11.82
1.121
5.082
1.48
3.688
4.72
4.926
0.941
0.3682
1.948
0.4219
2.943
2.473
3.941
0.1893
3.455
0.742
1.322
0.587
0.011406
0.781
5.523
1.084
0.945
1.321
1.468
1.7705
2.463
3.346
0.5225
1.114
3.893
16.38
1.06
2.979
22.5
54.7
17.53
12.625
101.5
7.7
97.25
5.574
1.76
132.4
30.56
14.86
1.734
1.184
5.824
10.11
4.508
1.243
2.615
4.4
5.504
1.429
15.234
6.31
3.363
1.978
5.8
23.23
138.8
23.77
8.69
2.996
0.3733
10.55
12.44
8.484
15.75
13.984
13.3
14.09
19.88
8.92
5.492
6.656
0.1626
0.4512
4.7
6.168
6.684
12.94
1.507
20.16
2.91
13.9
69.8
0.0232
2.475
0.1427
0.52
0.2075
0.856
0.1372
0.991
1.55
0.4102
1.177
0.1448
0.1028
0.06033
0.03915
0.1796
0.3958
0.11993
0.1193
0.3296
0.342
0.03485
0.2556
0.8955
0.265
0.4368
0.8193
0.1747
0.3643
0.8047
1.111
1.61
1.841
0.05203
0.04437
1.143
0.1904
0.1277
0.9727
0.3987
0.4102
0.1372
1.068
4.5
0.2974
0.1097
1.032
5.668
1.826
4.633
3.217
0.503
0.5396
0.8604
1.169
0.8325
1.545
2.307
1.98
2.488
1.594
1.054
0.4724
4.008
2.227
0.3303
0.3035
0.7803
0.4436
0.2443
1.405
1.157
0.93
0.251
0.6157
0.9395
0.2576
3.879
2.828
1.989
1.212
1.322
1.173
0.7
1.13
2.553
0.4004
0.323
0.944
1.245
0.985
2.201
1.847
1.368
0.958
10.9
0.507
1.352
0.1793
0.1569
0.4268
1.075
0.5923
0.543
4.117
4.23
5.07
3.252
0.6924
1.638
0.428
7.785
3.26
4.234
3.959
2.848
7.562
1.85
2.576
4.438
0.6606
4.83
3.775
2.559
3.895
1.618
0.931
0.8037
2.225
1.247
1.853
3.29
5.23
0.592
2.291
0.8853
2.398
0.6714
0.8667
0.822
3.385
1.247
1.26
1.58
0.581
3.111
2.191
2.895
0.4133
0.9814
2.152
5.555
1.976
1.502
3.564
5.48
3.781
6.273
31.1
3.611
49.12
7.098
2.133
125.94
11.46
2.176
2.648
1.725
2.686
3.62
2.1
0.757
1.01
4.914
5.05
0.551
6.03
2.703
1.123
0.5645
1.634
7.77
39.25
10.03
5.906
3.26
0.5093
1.968
3.557
1.365
3.947
0.9546
4.05
6.043
6.555
3.46
5.25
3.656
0.07733
1.044
3.377
2.113
1.867
3.195
0.792
16.45
1.597
2.674
10.44
0.0
0.961
0.02762
0.0402
0.2556
0.0783
0.1098
0.174
0.336
0.3892
0.353
0.02357
0.06396
0.0451
0.083
0.1066
0.1509
0.1688
0.00407
0.1536
0.00895
0.1044
0.05807
0.3474
0.141
0.2463
0.164
0.04868
0.2043
0.4883
0.2377
0.2306
1.978
0.06635
0.0
0.4739
0.1096
0.1277
0.608
0.2218
0.4895
0.10834
0.508
0.06244
0.3833
0.1725
0.2334
1.776
0.7153
0.954
0.1355
0.08203
0.04288
0.1714
0.11035
0.2605
0.902
0.6235
0.2489
0.09595
0.3198
0.004955
0.21
0.2377
0.1461
0.0999
0.1743
0.08716
0.6626
0.00457
0.5283
0.1544
0.53
1.179
0.3823
0.58
0.05548
0.6987
0.3447
0.692
0.10236
0.3042
0.0784
0.1649
4.28
0.986
0.543
0.2563
0.3254
0.3484
0.1321
0.5913
1.347
0.4658
1.207
19.45
0.277
0.518
0.3638
0.2115
0.4448
0.3198
0.3682
2.266
6.656
2.932
15.52
1.506
1.719
1.764
0.858
2.0
1.205
2.258
2.9
1.521
8.805
2.646
1.095
2.096
0.8384
7.723
3.686
0.7305
3.156
2.018
0.858
1.509
2.049
0.539
1.217
2.238
2.34
1.002
5.062
0.9277
0.7466
1.216
1.868
0.7417
3.79
1.039
3.113
0.4055
2.422
1.792
1.836
1.895
1.485
0.8486
4.88
5.285
1.985
1.881
0.3857
1.118
0.744
7.797
2.146
0.6084
10.766
4.13
0.626
37.97
7.97
0.3545
2.299
1.4375
1.996
1.176
2.03
0.5024
1.211
3.262
0.8345
2.512
1.054
0.619
0.2177
0.153
1.21
3.205
0.4802
1.28
7.242
0.675
1.179
0.092
1.252
0.2408
0.6406
0.2944
0.6284
0.5083
0.642
1.595
2.068
2.488
0.3005
1.32
2.674
0.4927
0.2008
0.436
1.1045
3.662
0.4065
0.6196
0.3047
0.0383
0.3008
0.0
0.0
0.01215
0.0
0.01013
0.185
0.0
0.1469
0.1642
0.01674
0.05002
0.01202
0.05328
0.0
0.1797
0.07007
0.012
0.068
0.03955
0.1193
0.0794
0.1238
0.05914
0.2512
0.01145
0.0122
0.341
0.03885
0.0803
0.08264
1.267
0.1189
0.01019
0.1826
0.222
0.1511
0.082
0.2593
0.394
0.407
0.14
0.0695
0.4526
0.04126
0.0709
1.933
0.1659
0.3726
0.07983
0.0872
0.0
0.1095
0.01467
0.03894
0.0786
0.4187
0.10223
0.0
0.003437
0.02048
0.2308
0.04224
0.2974
0.10376
0.2415
0.002474
0.404
0.0
0.09906
0.0703
0.393
2.121
0.4873
0.358
0.02162
0.0744
0.02225
0.1603
0.10675
0.0802
0.0
0.2341
10.3
5.105
0.4065
0.3086
0.1549
0.2805
0.05515
0.4668
0.622
0.854
2.11
23.42
0.2522
0.6143
1.132
0.02539
0.222
0.104
0.4746
6.28
3.367
1.819
11.805
1.036
2.066
5.64
0.3862
13.664
1.08
0.6943
4.35
1.19
14.85
5.13
1.66
2.217
3.424
11.64
2.656
0.9526
2.113
1.423
0.8374
1.093
0.697
1.274
1.509
5.36
1.523
3.508
2.695
3.848
2.604
3.332
3.902
0.2338
1.986
1.725
3.217
0.2397
3.258
1.316
3.117
3.035
3.51
4.625
5.047
4.09
1.773
6.676
0.1849
0.4412
0.4778
5.926
9.36
0.571
10.13
5.957
1.445
5.57
1.775
0.3367
1.582
0.8228
1.032
0.5283
0.7393
0.687
1.676
0.778
1.766
5.68
2.316
1.421
0.0846
0.06976
1.024
0.876
1.235
0.5293
12.305
0.892
7.832
0.01152
0.01259
0.04642
0.2913
0.1107
0.7485
0.2983
0.2238
5.332
0.3027
3.309
0.1796
0.804
1.09
0.1985
0.1136
0.3154
1.671
1.83
2.182
0.3652
0.644
0.02638
0.4329
0.0
0.0
0.0
0.1648
0.00977
0.3425
0.0
0.0563
0.1594
0.0
0.1625
0.001619
0.006767
0.00467
0.1714
0.1511
0.07227
0.02441
0.2634
0.1231
0.2096
0.1071
0.04315
0.3164
0.1221
0.0227
0.149
0.05338
0.02628
0.03812
0.268
0.02907
0.03278
0.07477
0.2935
0.1956
0.03485
0.3662
0.3362
0.636
0.1201
0.0
0.246
0.01645
0.07697
0.559
0.1063
0.4973
0.05945
0.03033
0.02544
0.06195
0.009964
0.12177
0.169
0.0
0.02573
0.0
0.04144
0.01069
0.3735
0.385
0.2708
0.01907
0.0911
0.0
0.1417
0.054
0.02731
0.0964
0.1388
1.125
2.174
0.2073
0.001535
0.1295
0.0
0.1015
0.11127
0.0761
0.00452
0.595
8.74
21.77
0.4993
0.198
0.08887
0.2114
0.11273
0.5635
1.255
1.101
1.77
21.06
1.254
2.582
1.723
0.002005
0.1504
0.07666
0.1262
7.137
5.34
4.46
22.62
0.6055
5.66
6.277
0.6562
13.75
1.34
0.986
6.92
0.995
12.766
13.74
2.979
6.09
6.53
9.57
1.802
0.8965
3.34
4.387
1.429
1.061
3.82
5.184
4.38
5.254
4.008
5.637
5.727
3.262
5.055
6.26
8.57
2.402
2.31
4.38
4.074
0.2976
1.169
1.145
1.935
3.688
4.867
4.277
1.338
3.693
5.344
8.945
0.2006
0.1726
0.06726
5.906
7.184
2.129
14.91
6.242
2.441
26.25
5.965
0.6895
2.031
0.3503
0.687
0.1924
2.482
0.9116
0.516
0.553
1.312
12.96
1.024
0.2289
0.3574
0.02783
0.323
0.0
0.2498
0.01057
12.87
2.465
8.54
0.0
0.01703
0.03497
0.456
0.4783
0.7363
0.191
0.0
3.37
0.637
1.603
0.4133
0.2886
0.11676
0.0
0.0137
0.4016
1.324
0.0
5.44
0.1292
0.03906
0.01316
0.0
0.04974
0.10626
0.01813
0.043
0.0499
0.0362
0.545
0.751
0.07776
0.09784
0.002281
0.0
0.0
0.2803
0.01175
0.279
0.011055
0.014885
0.02388
0.1779
0.1188
0.0535
0.005096
0.07947
0.202
0.11395
0.06305
0.1265
0.1802
0.193
0.84
0.1732
0.01813
0.1763
0.06143
0.0707
0.4238
0.00411
0.0419
0.0497
0.1625
0.0
0.02983
0.1156
0.1901
1.937
0.0104
0.1918
0.2566
0.02377
0.2568
0.02235
0.1167
0.00819
0.3264
0.1628
0.0811
0.0563
0.009384
0.006134
0.0402
0.3562
0.399
0.05325
0.084
0.001058
0.0323
0.012085
0.0
0.0241
0.1777
0.07446
0.01432
0.02034
0.04236
0.0664
0.0737
0.1416
0.01587
0.01336
0.01204
1.95
2.762
0.2346
0.002457
0.1035
0.0
0.013084
0.07495
0.427
0.0382
0.1055
7.504
18.56
0.4727
0.2522
0.0574
0.097
0.12335
0.0804
1.315
0.8887
0.676
0.5728
25.45
2.652
0.827
2.312
0.04303
0.0458
0.0678
4.895
5.55
2.39
25.03
1.069
2.498
3.535
6.316
2.488
1.605
0.465
5.285
2.318
1.399
10.04
2.387
4.945
7.227
21.27
3.156
0.6846
7.242
4.566
1.514
1.899
7.95
6.734
5.49
2.14
1.104
3.742
3.045
7.523
3.867
9.65
5.445
4.883
1.818
36.8
12.04
5.562
1.693
1.683
4.445
12.96
28.45
2.023
26.12
2.32
3.889
89.06
8.1
0.195
0.1625
2.648
0.4705
4.7
1.188
3.87
1.641
2.375
2.186
0.4817
4.145
0.4812
0.2244
0.3037
0.952
1.538
1.255
0.5293
1.594
5.035
2.15
0.2286
0.6274
0.1564
0.506
0.0
0.0
0.2732
6.285
1.467
13.016
1.037
0.0
0.11176
0.1082
0.3796
0.4907
0.8335
0.11914
4.68
0.7974
3.783
1.148
0.003332
0.03232
0.05643
0.1853
0.02625
0.09546
0.10223
0.0996
0.2634
0.411
0.571
0.05804
0.01848
0.00585
0.003056
0.02972
0.02492
0.3723
0.3394
0.01642
0.0378
0.1155
0.2435
0.05307
0.03552
0.1792
0.07166
0.06113
0.010376
0.2534
0.1494
0.4072
0.978
0.3298
0.0391
0.03247
0.09076
0.0701
0.641
0.01208
0.05902
0.04633
0.1307
0.0
0.05923
0.2374
0.1426
0.9146
0.04126
0.11316
0.2496
0.02704
0.2432
0.2896
0.08466
0.0
0.1593
0.2023
0.1284
0.1025
0.01423
0.004337
0.01076
0.764
0.5503
0.01898
0.743
0.2979
0.004566
0.2627
0.0
0.04633
0.1097
0.2451
0.01738
0.0
0.08453
0.2903
0.0725
0.0403
0.0
0.0
0.02397
0.8345
1.957
0.257
0.01825
0.1581
0.00529
0.0
0.002037
0.8193
0.1504
0.0692
0.9644
19.4
0.273
0.4592
0.09686
0.2294
0.1691
0.051
0.2803
0.5894
1.088
0.139
27.62
1.556
0.834
1.258
0.2725
0.1455
0.1537
2.75
5.867
0.361
6.746
2.914
4.47
4.867
5.324
2.672
1.29
0.2952
1.806
1.672
1.615
4.86
1.752
2.736
5.137
6.79
3.39
0.9834
5.234
2.473
1.311
2.035
3.613
3.662
3.848
2.771
1.837
2.402
1.996
3.275
3.676
3.475
2.666
2.262
3.473
12.625
4.863
3.078
1.956
0.8013
5.71
8.555
17.17
2.674
31.02
3.1
2.436
71.75
9.93
0.3257
0.4353
2.797
0.0
4.523
0.986
1.838
2.205
2.287
0.4592
1.891
4.895
1.893
0.951
0.4846
2.9
5.17
3.486
0.2578
4.566
4.66
2.754
0.8813
0.5474
0.796
0.878
0.04974
0.03207
0.2893
1.649
1.035
5.33
1.423
0.0
0.0844
0.07996
0.05954
0.8853
1.139
0.2546
2.416
0.3325
9.016
1.386
0.05927
0.0797
0.1112
0.3489
0.1033
0.1539
0.3452
0.3552
0.3132
0.2986
0.6885
0.11536
0.1708
0.0811
0.08887
0.529
0.126
0.868
0.846
0.3015
0.06445
0.2603
0.4526
0.02332
0.04462
0.2408
0.03038
0.181
0.0331
0.2915
0.8994
0.387
0.56
0.6606
0.0801
0.1787
0.1274
0.04327
0.936
0.0363
0.03528
0.2235
0.2727
0.0
0.1964
0.245
0.1877
1.564
0.2568
0.221
0.184
0.1074
0.174
0.6694
0.1896
0.02826
0.1515
0.3047
0.003418
0.4055
0.02127
0.0362
0.0575
1.39
1.433
0.1954
1.072
0.3071
0.06055
0.454
0.03915
0.05145
0.05026
0.3281
0.1165
0.0
0.05566
0.4368
0.1343
0.1451
0.0
0.03662
0.1561
0.8657
0.917
0.3408
0.02928
0.4768
0.0405
0.2664
0.134
1.341
0.2834
0.0684
0.4365
13.51
0.3452
0.6953
0.382
0.4941
0.2053
0.0929
1.124
0.605
1.249
0.03873
40.25
1.585
0.7173
0.669
0.3425
0.5625
0.1636
0.8306
4.684
0.5156
4.57
3.55
2.04
3.754
1.501
5.332
3.219
0.2378
3.45
2.162
1.213
0.7397
3.354
1.798
1.918
2.205
5.27
0.833
4.023
4.508
0.832
0.9683
2.953
1.928
6.074
2.34
0.9126
2.182
2.512
1.946
0.9746
1.043
1.482
1.501
3.781
4.24
2.072
2.848
0.9355
2.277
2.566
3.32
5.41
0.602
26.84
3.809
0.9937
38.34
5.062
0.1571
0.58
4.176
1.378
7.945
4.637
2.135
3.33
4.117
1.063
1.072
2.992
4.28
3.354
2.332
4.57
7.2
10.42
0.2112
6.31
2.186
3.355
0.7344
0.4824
1.458
0.9536
1.857
0.618
0.02641
3.2
0.8193
0.6006
1.793
0.1025
0.4268
0.0845
0.006706
1.199
2.273
0.68
2.045
1.266
1.847
3.096
0.2455
1.629
0.633
0.2725
0.2297
0.708
0.607
1.377
0.3936
0.2532
0.62
0.5513
0.2502
1.134
2.947
2.008
0.447
1.169
0.4302
0.9995
0.3755
0.9204
0.5615
0.00706
0.2454
0.13
0.2637
0.288
0.0491
0.978
1.261
0.2905
0.7485
1.094
0.0925
1.9375
0.1414
0.261
0.989
0.032
0.5923
0.1521
0.2224
0.0
0.1804
0.4368
0.2228
1.7295
0.3196
0.723
0.0442
0.2556
0.4006
0.639
0.2712
0.08887
0.297
1.602
0.1339
0.486
0.274
0.891
1.243
1.487
4.098
1.347
2.21
0.971
0.621
1.512
1.058
0.334
0.274
1.334
0.7354
0.2104
0.1863
0.8726
0.1385
0.4233
0.0456
0.1617
0.0903
0.951
0.725
1.595
0.1279
0.813
1.136
1.283
1.055
1.984
0.4924
0.3694
0.497
3.176
0.5205
0.289
0.5166
0.9067
0.8237
0.6973
2.04
1.006
1.19
0.10626
22.28
0.6904
0.36
0.75
0.335
1.504
0.1478
1.057
5.336
1.117
3.193
3.49
0.703
1.903
0.8315
8.516
6.016
5.125
4.402
3.248
1.154
0.956
2.215
3.322
2.516
1.468
2.984
1.993
5.348
3.727
1.084
0.648
2.12
0.4248
2.746
1.411
3.977
0.5654
4.14
1.828
1.185
0.7646
0.4697
0.4763
3.346
5.22
2.303
4.344
1.976
3.303
1.287
3.625
3.004
1.094
15.7
2.777
0.964
11.57
2.494
5.316
4.344
9.9
16.06
14.08
4.97
5.574
4.5
8.73
7.03
6.777
4.062
3.408
4.285
4.66
6.93
11.51
14.85
0.84
5.676
1.321
2.445
1.923
2.271
3.715
6.996
8.26
6.227
2.023
4.395
1.43
0.4287
0.552
1.5205
2.756
0.512
6.332
6.66
16.64
3.303
7.113
3.727
2.6
13.94
1.125
2.922
1.91
0.319
1.613
0.998
0.3274
2.111
0.2673
0.2815
0.04578
1.143
2.768
0.84
1.402
1.733
10.164
1.266
0.882
0.516
0.7217
1.065
0.375
0.7656
0.188
3.504
1.891
1.876
2.357
2.027
0.6943
2.746
0.9
1.7705
3.748
1.593
1.663
1.591
1.16
0.9272
1.107
0.939
0.6343
4.438
1.697
0.2593
0.2556
1.076
0.541
1.149
0.0707
0.5073
0.7803
2.127
0.783
1.005
2.803
2.846
1.318
1.962
2.738
4.137
6.523
9.0
6.28
2.352
1.424
1.9
3.205
4.797
4.867
4.57
9.07
2.248
2.115
4.926
1.496
1.041
0.4497
1.768
0.4495
1.055
0.504
1.112
1.225
4.06
3.06
0.3975
7.445
6.43
4.19
8.43
1.962
2.326
0.2418
1.884
0.1486
0.1644
1.002
1.122
2.564
1.059
2.484
1.721
1.644
0.2798
3.96
0.8735
0.2507
0.8135
2.68
1.459
1.3955
0.549
4.594
11.39
3.023
5.797
0.6587
1.15
0.08307
9.164
5.09
6.84
2.408
3.775
0.924
1.32
3.625
9.45
1.233
0.5913
3.344
3.238
8.84
3.924
1.123
0.3684
2.469
0.361
5.45
1.184
2.861
0.162
2.037
0.994
1.075
0.549
0.007153
0.9336
5.22
3.924
0.9155
4.438
1.245
2.8
2.916
7.004
2.973
0.943
18.16
5.625
0.815
29.9
1.78
38.06
25.17
15.15
42.53
19.16
13.79
7.28
2.432
9.97
14.85
28.56
2.691
0.4907
2.516
4.023
2.797
0.82
9.164
2.873
13.89
0.777
1.403
8.31
7.69
2.3
12.33
26.05
30.7
23.88
4.08
4.09
0.4224
0.2404
5.906
6.17
7.117
31.06
21.56
64.06
11.31
7.973
5.56
8.414
38.16
0.6284
1.381
0.1962
0.4412
0.1384
0.331
0.1142
0.813
0.3838
0.2766
0.06287
1.442
0.1486
0.4094
0.2969
1.455
0.765
0.5415
0.702
0.2207
0.5
0.255
0.07465
0.06836
0.02003
0.2668
0.2338
0.09576
0.104
0.656
0.426
0.04013
0.7803
1.512
0.4543
0.2559
0.3186
0.1941
0.7183
0.358
1.0
1.14
0.4434
1.432
0.04025
0.605
0.1501
0.661
0.586
1.063
0.3552
0.1271
0.959
1.92
1.625
0.1041
4.95
2.537
1.651
2.373
3.135
0.4504
0.8037
1.792
3.848
1.67
1.01
1.235
2.486
2.787
1.804
1.284
0.6104
1.568
0.574
0.425
0.7695
0.7056
0.307
0.2146
1.136
1.417
0.558
0.6494
0.8687
1.318
0.412
0.4749
3.156
2.775
1.761
5.473
2.27
0.355
1.055
2.775
0.3882
0.3716
0.6885
0.827
1.106
0.4622
2.168
1.528
1.035
3.623
1.84
1.033
0.1826
0.7524
0.7153
2.238
0.315
0.3867
4.305
4.336
4.227
4.61
0.6245
1.167
0.5107
6.215
2.443
5.117
3.568
4.137
1.673
1.183
3.273
3.549
0.7266
1.812
8.52
2.248
7.3
1.288
1.112
0.8037
2.818
1.067
3.43
1.575
1.751
0.507
1.352
1.186
1.95
0.628
0.5435
0.9824
3.197
4.51
1.221
2.242
0.4932
4.918
2.596
6.062
2.352
0.8306
10.05
1.909
1.52
15.08
1.756
3.816
5.434
7.523
13.03
8.99
6.965
9.266
2.945
9.49
5.57
7.594
4.113
0.7153
1.16
1.44
1.303
0.4993
3.54
3.21
12.734
0.2993
0.4583
3.562
2.568
0.6567
3.473
8.7
8.69
10.08
2.77
4.45
0.5757
0.2402
1.688
0.9937
1.783
2.121
6.566
27.48
3.73
3.094
5.316
4.62
12.71
0.2118
0.1364
0.09534
0.406
0.03397
0.12274
0.09705
0.1775
0.287
0.2742
0.1715
0.56
0.02876
0.03165
0.3657
0.133
0.612
0.09503
0.1522
0.2094
0.15
0.0772
0.04645
0.05112
0.04245
0.1586
0.0891
0.1348
0.003546
0.3054
0.011154
0.12024
0.4663
0.586
0.2418
0.1443
0.0638
0.05408
0.403
0.217
0.2139
0.1632
0.4763
0.3223
0.0
0.2507
0.0864
0.6616
0.3662
0.592
0.4238
0.10034
0.4558
0.02664
0.0911
0.1638
1.119
0.7954
0.647
0.4888
0.1321
0.0734
0.06384
0.357
0.3633
0.4712
0.59
0.3337
0.3123
0.1075
0.362
0.00604
0.2712
0.093
0.0377
0.1285
0.2305
0.0788
0.4585
0.004013
0.427
0.189
0.3179
3.049
0.5396
0.814
0.0888
0.2805
0.385
0.9653
0.1488
1.259
0.1517
0.08356
3.998
1.071
0.527
0.295
0.11676
0.2316
0.1484
0.12415
1.58
0.5205
1.305
6.47
1.006
0.396
0.3704
1.187
0.746
0.666
0.1958
1.613
6.957
3.004
12.945
2.135
1.551
1.256
1.858
1.597
0.903
2.73
2.615
2.21
1.948
1.691
1.392
1.676
0.9224
2.455
8.32
0.6416
5.918
1.607
1.024
1.51
2.596
0.4614
2.252
1.071
1.355
0.858
2.984
1.243
0.607
1.138
1.172
0.8867
3.58
3.758
3.018
2.629
2.055
2.834
2.174
3.967
8.45
0.718
22.77
1.815
1.527
18.89
2.527
0.7783
1.069
9.35
0.9
1.515
1.526
5.39
0.865
2.861
3.873
2.746
3.568
0.596
0.8623
0.4683
1.259
0.3313
4.242
2.13
2.105
1.366
1.114
0.816
0.4976
0.178
2.572
3.592
0.1063
1.286
3.396
0.921
1.333
0.1576
0.594
0.1752
0.2896
0.6543
1.02
2.312
0.3655
1.426
2.094
3.146
1.867
0.01009
0.03543
0.08484
0.1835
0.0598
0.02332
0.02235
0.012344
0.226
0.4087
0.0572
0.1753
0.0
0.0
0.0174
0.0
0.0565
0.1011
0.0
0.079
0.06976
0.0976
0.03632
0.01362
0.02725
0.0
0.10614
0.05597
0.01045
0.1354
0.0493
0.1375
1.099
0.2089
0.10144
0.1472
0.004456
0.01356
0.673
0.01727
0.07227
0.0585
0.3052
0.2112
0.00925
0.0967
0.175
0.782
0.04938
0.692
0.3413
0.377
0.1256
0.02966
0.11957
0.03918
0.3403
0.865
0.15
0.1909
0.07776
0.07806
0.0
0.228
0.0483
0.1597
0.05142
0.2242
0.1283
0.0
0.00389
0.02495
0.2983
0.01653
0.0767
0.1334
0.05084
0.002237
0.2795
0.0
0.0801
0.08606
0.2358
5.49
0.6875
0.502
0.0346
0.0814
0.02484
0.2236
0.1552
0.332
0.0
0.11865
9.62
5.547
0.3943
0.355
0.0668
0.1864
0.06198
0.098
0.73
0.954
2.28
7.79
0.915
0.4697
1.151
1.971
0.3723
0.2166
0.2524
4.473
3.52
1.865
9.836
1.469
1.865
4.016
3.34
10.91
0.809
0.8394
3.924
1.7295
3.285
3.28
2.11
1.773
3.766
6.0
6.0
0.8364
3.963
1.133
1.0
1.093
0.883
1.091
2.793
2.564
1.426
3.002
1.589
5.156
2.117
3.117
2.447
0.2793
1.877
6.24
3.117
1.832
2.764
2.082
3.691
6.355
19.97
3.914
23.55
1.405
1.364
67.06
6.207
0.3071
0.6865
7.105
3.922
1.421
1.437
7.777
1.996
0.4197
0.863
0.161
2.455
0.3413
0.446
0.2103
0.4587
0.4531
5.875
0.5083
4.453
3.09
0.5767
1.872
0.1935
0.0812
2.178
0.9814
0.2734
0.5317
5.77
1.218
8.86
0.5312
0.005974
0.03378
0.1316
0.246
1.214
1.356
0.1273
4.766
0.3064
4.184
2.15
0.01321
0.003838
0.11194
0.0673
0.02286
0.01648
0.0
0.005817
0.425
0.771
0.0
0.2524
0.0
0.0
0.0
0.2803
0.05447
0.187
0.0
0.03029
0.06775
0.1171
0.11804
0.001835
0.003462
0.006943
0.10126
0.12067
0.063
0.04858
0.3281
0.1417
1.106
0.1808
0.074
0.1854
0.0475
0.02524
0.294
0.02373
0.02364
0.02698
0.0646
0.08405
0.02972
0.03958
0.2313
1.013
0.02101
0.9775
0.2913
0.5894
0.1077
0.0
0.1071
0.01563
0.3691
0.2502
0.0961
0.2546
0.05792
0.02716
0.0379
0.129
0.0328
0.1089
0.11053
0.0
0.0323
0.0
0.0469
0.013016
0.4827
0.1506
0.0699
0.02454
0.07697
0.0
0.0981
0.04742
0.02208
0.1179
0.08325
2.91
3.066
0.2908
0.002457
0.092
0.0
0.1416
0.1616
0.315
0.00874
0.3015
8.16
23.66
0.4841
0.2277
0.03552
0.1405
0.1267
0.1183
1.473
1.2295
1.912
7.004
4.55
1.975
1.753
3.604
0.2522
0.1597
0.0671
5.082
5.582
4.574
18.86
0.858
5.105
4.47
7.297
10.98
1.004
1.192
6.242
1.446
2.824
8.78
3.787
4.87
7.188
14.375
4.07
0.7876
6.26
3.494
1.706
1.061
4.836
4.438
8.11
2.516
2.158
4.824
3.375
4.37
4.11
5.86
5.375
2.873
2.184
15.84
3.947
3.832
0.992
1.811
2.291
7.723
27.67
3.62
6.242
1.269
4.11
89.8
9.03
0.1202
0.0966
7.086
3.012
5.297
2.113
8.15
3.373
1.979
2.9
0.3064
3.154
0.1453
0.2966
0.0766
1.541
0.6016
1.81
0.3616
3.309
7.05
1.501
0.3015
0.8174
0.0324
0.686
0.0
0.05527
0.01062
6.035
3.363
9.66
1.396
0.00809
0.02545
0.206
1.0625
1.194
0.8687
0.0
3.012
0.645
2.025
1.103
0.0685
0.003838
0.0
0.0
0.1813
0.002747
0.185
0.0234
0.03888
0.04498
0.317
0.1603
0.0665
0.00477
0.04947
0.136
0.528
0.0837
0.0752
0.1465
0.127
0.2805
0.0927
0.01121
0.09576
0.1581
0.174
0.2277
0.004787
0.0753
0.05756
0.2595
0.0
0.0343
0.2035
0.3635
0.358
0.01031
0.1653
0.2369
0.02673
0.3237
0.01926
0.3005
0.013756
0.0689
0.05298
0.4602
0.05707
0.02371
0.006676
0.0315
0.1322
0.133
0.03882
0.02576
0.003084
0.06537
0.00989
0.0
0.02097
0.0965
0.10516
0.03857
0.03796
0.0683
0.14
0.1155
0.1655
0.02516
0.01076
0.01327
1.376
2.064
0.0805
0.003183
0.0766
0.0
0.00758
0.07184
0.06714
0.02666
0.08813
15.54
8.266
0.8857
0.2595
0.071
0.0944
0.1469
0.08746
3.234
1.285
0.656
0.7163
14.29
3.46
1.155
1.0205
0.02028
0.0269
0.0658
11.67
5.758
3.152
5.605
3.574
2.957
2.23
11.72
3.068
4.332
0.4878
4.332
2.2
1.452
43.78
3.15
3.52
8.68
10.36
3.012
0.6123
3.828
4.902
1.909
1.831
5.297
7.117
2.848
2.395
2.197
8.836
2.398
11.305
4.78
11.87
5.79
5.465
0.8555
21.08
11.836
3.635
1.345
0.943
6.22
6.188
4.973
1.679
3.146
3.65
17.98
5.617
5.29
0.1332
0.2502
1.248
0.411
8.914
0.8545
21.75
1.888
1.529
29.47
0.7437
2.861
0.7856
0.5444
0.6064
2.746
1.858
0.538
0.72
0.6426
6.945
4.125
0.4397
0.2761
0.11584
0.2734
0.0
0.0
1.298
3.527
3.74
12.01
1.025
0.0
0.2603
0.1506
0.243
0.433
0.1927
0.11804
6.258
0.9917
3.346
0.1991
0.1124
0.02815
0.0721
0.07355
0.108
10.89
0.848
3.613
0.07495
0.0
0.3445
0.04062
0.03105
0.00792
0.001858
0.01923
0.00583
0.247
0.7188
0.04288
0.07117
0.2057
0.3286
0.066
0.03323
0.1116
0.04825
0.283
0.01378
0.1508
0.12146
0.2678
0.3267
0.1765
0.02419
0.01764
0.2335
0.1726
0.3442
0.014084
0.1061
0.05362
0.209
0.0
0.0681
0.418
0.2727
0.1691
0.04086
0.09753
0.2303
0.03041
0.3064
0.2495
0.2179
0.0
0.03363
0.06586
0.729
0.1038
0.03595
0.00472
0.00843
0.2834
0.1836
0.01384
0.2279
0.8687
0.00924
0.2148
0.0
0.0403
0.05957
0.3462
0.0468
0.0
0.1362
0.6123
0.11365
0.04712
0.0
0.0
0.02643
0.5884
1.462
0.08826
0.02364
0.1169
0.006714
0.0
0.001953
0.1288
0.1049
0.0578
1.997
8.64
0.5117
0.4724
0.11975
0.2234
0.201
0.05548
0.6895
0.8525
1.057
0.174
15.5
2.031
1.165
0.5557
0.1285
0.08545
0.1492
6.555
6.09
0.4763
1.511
9.74
5.29
3.072
9.87
3.295
3.48
0.3093
1.48
1.586
1.675
21.19
2.312
1.948
6.168
3.307
3.234
0.88
2.766
2.656
1.653
1.962
2.406
3.87
1.997
3.102
3.656
5.67
1.571
4.92
4.543
4.273
2.832
2.533
1.634
7.227
4.78
2.012
1.553
0.4487
7.99
4.082
3.004
2.22
3.736
4.875
11.266
4.523
6.484
0.2224
0.6704
1.318
0.0
8.58
0.709
10.336
2.537
1.472
6.195
2.916
3.379
3.09
2.309
0.9673
8.37
6.25
1.494
0.3508
1.841
6.43
5.28
1.694
0.2408
0.59
0.4744
0.0333
0.04095
1.374
0.926
2.639
4.914
1.406
0.0
0.1965
0.11127
0.03812
0.7812
0.2632
0.2522
3.232
0.4136
7.977
0.2402
0.1979
0.0
0.793
0.4849
0.1054
8.055
2.115
1.99
0.5356
0.04178
0.0
0.08075
0.287
0.1097
0.05405
0.342
0.02945
0.5757
1.792
0.7876
0.1214
0.4636
0.611
0.02899
0.04175
0.1499
0.02045
0.8384
0.04395
0.1735
0.7314
0.2544
0.1873
0.3535
0.04953
0.0971
0.328
0.1065
0.503
0.0423
0.0634
0.2588
0.4358
0.0
0.2258
0.4314
0.3591
0.2893
0.2546
0.1904
0.1698
0.12085
0.2191
0.5767
0.488
0.04752
0.03198
0.0992
0.01941
0.4111
0.05377
0.0394
0.04504
0.5156
0.4778
0.1425
0.3289
0.8955
0.12256
0.3713
0.04477
0.04477
0.02728
0.4636
0.3137
0.0
0.0897
0.921
0.2104
0.1696
0.0
0.02946
0.172
0.611
0.685
0.117
0.03793
0.3525
0.05136
0.1544
0.1284
0.2107
0.1976
0.05713
0.904
6.016
0.6475
0.7153
0.4724
0.4812
0.2443
0.1011
2.766
0.875
1.213
0.04843
22.6
2.068
1.002
0.2954
0.1615
0.33
0.1588
1.9795
4.86
0.68
1.022
11.87
2.414
2.37
2.783
6.57
8.69
0.2493
2.826
2.053
1.257
3.225
4.426
1.28
2.303
1.073
5.027
0.7456
2.127
4.84
1.05
0.933
1.967
2.037
3.152
2.617
1.817
5.15
1.979
2.924
1.205
1.282
1.576
1.682
1.778
2.426
2.037
1.86
0.7427
1.275
3.59
1.586
0.9463
0.4995
3.234
5.99
4.594
2.418
3.305
0.1073
0.8936
1.969
1.203
15.07
3.334
12.0
3.83
2.652
14.336
1.655
2.066
6.992
8.13
4.656
13.19
8.7
4.465
0.2874
2.541
3.014
6.44
1.412
0.2123
1.08
0.5156
1.243
0.7896
0.1255
1.796
2.09
0.5537
1.772
0.1251
0.994
0.11755
0.00429
1.059
0.526
0.674
2.736
1.573
1.634
0.5366
0.0719
0.548
3.002
0.509
0.316
8.21
1.678
1.55
0.3264
0.06934
0.097
0.386
0.421
1.534
1.792
1.299
0.10455
0.7754
0.911
2.611
0.707
1.641
0.758
0.00878
0.2296
0.08093
0.1775
1.334
0.0652
0.5815
1.025
0.191
0.2502
0.5854
0.05722
1.053
0.3638
0.642
0.5312
0.03732
1.064
0.176
0.3555
0.0
0.2076
0.7686
0.426
0.3198
0.3167
0.6235
0.04077
0.2874
0.505
0.5503
0.698
0.1494
0.0627
0.5215
0.7603
0.4924
0.692
0.969
0.974
0.552
1.367
0.982
0.678
2.832
1.258
1.236
1.21
0.2908
0.1488
1.885
1.98
0.3928
0.3003
1.84
0.2172
0.4949
0.07227
0.1302
0.0995
0.671
0.542
0.5474
0.1658
0.601
1.441
0.7437
1.011
0.3118
0.3433
0.3086
1.029
1.414
0.9756
0.2976
0.639
0.883
0.9805
0.759
5.01
1.455
1.155
0.1329
12.5
0.901
0.503
0.331
0.1578
0.883
0.1436
2.52
5.54
1.474
0.715
11.67
0.832
1.201
1.542
10.5
16.23
5.375
3.607
3.082
1.197
4.168
2.924
2.365
3.021
0.7144
2.846
1.783
2.826
4.004
1.367
0.6245
1.411
0.449
1.426
1.579
7.914
1.335
3.26
2.748
1.465
0.9404
0.4993
0.533
1.573
2.986
2.264
2.838
1.568
1.851
1.8
1.731
0.5254
0.908
1.893
4.37
4.457
0.7295
1.629
3.63
6.688
4.664
14.04
26.7
3.574
31.34
5.176
5.617
94.9
10.46
2.807
5.562
10.4
9.305
19.98
13.91
6.363
1.144
2.287
1.823
4.69
3.697
0.9995
2.752
3.781
5.527
7.95
9.6
2.467
3.645
0.3953
0.5454
1.857
6.418
0.7134
4.055
5.88
3.846
3.273
9.516
4.633
2.299
2.418
0.0572
4.277
2.598
2.39
1.212
6.98
3.785
2.527
1.462
2.213
2.479
0.8
4.656
1.136
0.853
1.122
2.377
0.84
1.867
1.348
1.359
1.898
0.506
0.9517
0.1759
2.18
1.272
8.69
3.129
1.205
0.5645
1.806
0.3008
0.9478
2.318
0.8657
4.277
3.916
0.623
1.081
1.991
1.087
1.013
6.77
1.952
0.4563
0.489
0.1989
0.536
0.9907
0.06525
0.5703
0.9834
1.833
2.016
1.689
0.592
0.927
7.48
1.988
6.92
4.5
5.113
3.338
2.096
1.714
0.4365
5.54
6.49
3.926
5.566
3.979
4.926
3.176
5.695
9.195
2.41
2.195
0.7046
2.066
0.713
0.849
0.555
0.784
0.915
1.393
3.965
0.294
9.45
3.727
4.016
1.325
1.368
1.942
0.5005
0.839
0.2786
0.1692
1.239
1.093
3.053
1.151
6.105
2.488
1.596
0.35
2.223
1.14
0.3506
0.3591
1.264
0.8564
1.3545
1.309
4.77
15.03
0.677
19.38
0.78
0.726
0.154
11.3
13.73
7.17
1.975
3.584
0.9575
5.758
4.785
6.73
1.481
0.2878
3.19
2.898
4.676
4.215
1.418
0.355
1.644
0.3816
2.828
1.324
5.7
0.3826
1.6045
1.494
1.329
0.6753
0.007603
1.045
2.455
2.246
0.9004
2.9
0.989
1.569
4.08
3.346
0.52
0.7827
2.188
8.85
3.77
1.886
1.162
25.98
38.78
7.137
37.16
36.34
9.914
40.94
2.797
6.42
200.4
44.1
1.859
0.8013
6.1
8.03
8.06
0.9907
3.93
3.91
5.598
1.071
2.693
15.99
3.385
1.705
6.66
17.42
39.22
113.4
2.29
10.42
0.3894
0.2375
7.21
14.37
9.91
19.89
19.03
14.82
11.21
10.664
6.914
7.445
6.617
0.4988
4.758
1.783
13.1
4.85
6.785
15.35
3.234
12.445
15.31
63.75
1.01
0.2499
0.5537
0.1805
0.941
0.179
0.3591
1.486
0.5767
0.942
0.454
0.1007
0.085
0.01875
0.1661
0.1573
0.4434
0.1381
0.3901
0.3464
0.02638
0.2607
0.809
0.281
0.139
0.82
0.4778
0.3857
0.4172
1.798
1.319
0.708
2.184
0.0463
1.064
0.287
0.1222
0.5806
0.917
0.328
0.143
1.208
1.654
4.184
0.175
1.045
0.826
9.375
2.406
7.92
0.49
0.63
0.665
1.283
1.218
0.3098
3.602
5.03
2.281
2.062
1.117
0.3313
2.215
1.547
0.793
1.24
1.488
0.4807
0.2507
1.801
1.141
0.615
0.4578
0.649
0.4524
0.5337
0.351
4.008
1.608
1.6875
0.8604
1.582
0.2964
2.184
1.236
0.7275
0.3823
0.8516
0.8057
1.317
0.503
5.332
2.209
1.006
4.53
1.032
1.349
0.2551
0.3323
0.3374
1.314
0.306
0.922
4.465
5.72
0.946
15.41
0.7393
0.7363
0.9473
7.664
6.594
5.363
2.926
3.928
1.734
5.152
4.32
2.525
0.8726
0.8823
8.13
2.012
3.86
1.384
1.403
0.775
1.878
1.128
1.78
1.763
3.486
1.196
1.064
1.782
2.41
0.7725
0.5776
1.1
1.504
2.582
1.2
1.465
0.3916
2.756
3.629
2.895
0.411
0.6895
1.21
3.002
7.027
0.9507
1.146
2.605
8.37
3.545
11.38
17.05
5.008
52.1
3.389
6.11
75.1
11.72
2.84
1.167
2.814
2.877
3.758
0.6035
1.517
4.37
5.133
0.413
0.8794
6.85
1.13
0.4866
1.877
5.824
11.09
47.84
1.556
11.336
0.5312
0.2374
2.062
2.314
2.482
1.357
5.797
6.355
3.695
4.137
6.61
4.086
2.205
1.154
3.418
0.6113
3.66
1.198
3.568
12.52
1.775
2.393
2.287
8.14
0.392
0.04837
0.04282
0.2224
0.0861
0.1431
0.06305
0.3223
0.547
0.2827
0.1376
0.0627
0.06354
0.03973
0.09863
0.06
0.624
0.004707
0.1816
0.00907
0.07904
0.1559
0.3137
0.1495
0.0784
0.1641
0.1332
0.2166
0.253
0.3845
0.189
0.7607
0.4917
0.0
0.4414
0.1653
0.1223
0.363
0.5103
0.391
0.11285
0.574
0.02295
0.2346
0.2754
0.2363
0.2588
3.672
0.4954
0.3337
0.0799
0.05005
0.1324
0.1212
0.3435
0.1808
0.973
0.6323
0.08795
0.414
0.005257
0.1472
0.1313
0.1015
0.2397
0.3716
0.1661
0.7183
0.004692
0.6772
0.1521
0.3503
2.15
0.403
0.2793
0.11505
0.2074
0.4885
0.5596
0.1426
0.1979
0.10583
0.06976
8.28
0.4773
0.9873
0.3035
0.1444
0.2256
0.1765
0.1351
3.887
0.7524
1.267
8.09
0.5645
0.5166
0.5176
0.524
0.3518
0.391
0.1901
3.846
7.22
3.963
2.896
7.133
1.836
0.7925
3.445
1.969
2.436
2.861
2.143
2.098
2.02
7.375
1.836
1.193
1.107
1.196
7.938
0.574
3.129
1.727
1.292
1.455
1.729
0.4878
1.169
1.199
2.697
2.025
2.35
1.868
0.75
1.399
1.245
0.9927
1.684
2.15
2.967
1.718
1.632
1.588
3.041
1.895
1.478
0.5957
2.744
2.855
7.062
1.191
1.65
0.5312
1.646
4.406
0.786
2.873
1.098
30.31
0.995
1.843
52.25
4.24
2.465
0.973
2.092
0.9346
3.63
0.4004
1.819
2.9
0.848
1.885
2.139
1.569
0.219
0.1318
1.39
2.402
0.1357
6.105
1.907
2.348
1.2295
0.1558
0.7256
0.408
0.4028
0.4187
0.8994
0.5347
0.362
1.907
2.605
2.783
0.324
1.46
2.707
0.1425
0.3938
0.1636
4.973
2.79
0.452
0.5547
0.0668
0.992
0.1227
0.0
0.0
0.010574
0.0
0.013214
0.067
0.0
0.2064
0.1313
0.1738
0.049
0.01694
0.02551
0.0
0.0714
0.2593
0.01388
0.0805
0.04007
0.09033
0.3672
0.11176
0.06274
0.08
0.01146
0.03336
0.3613
0.02014
0.13
0.06775
0.4873
0.3223
0.010635
0.1702
0.3347
0.1447
0.04892
0.5967
0.315
0.4238
0.1583
0.02556
0.3079
0.06586
0.07184
0.2817
0.851
0.1935
0.1965
0.08496
0.0
0.08466
0.01611
0.11646
0.01576
0.654
0.2598
0.0
0.004448
0.02171
0.162
0.02335
0.2067
0.249
0.082
0.00472
0.438
0.0
0.127
0.0693
0.26
3.871
0.5137
0.1722
0.04483
0.06024
0.03152
0.1296
0.1487
0.0522
0.0
0.09906
19.9
2.47
0.739
0.3652
0.0826
0.1815
0.0737
0.1066
1.795
1.379
2.213
9.74
0.5137
0.613
1.609
0.87
0.1755
0.1271
0.245
10.664
3.652
2.459
2.201
4.91
2.207
2.535
6.19
13.445
2.184
0.88
3.217
1.642
3.406
14.3
2.785
1.262
4.523
2.92
5.723
0.7485
2.096
1.218
1.262
1.054
0.588
1.153
1.449
2.871
2.838
7.09
1.251
7.75
2.615
3.834
2.6
0.3127
0.883
3.57
3.064
1.197
2.195
1.166
5.164
3.035
3.492
3.248
2.838
2.21
6.31
4.227
4.055
0.2097
1.057
3.35
3.426
2.695
1.033
43.72
2.297
0.2703
11.64
0.2484
1.696
0.557
1.082
0.42
1.323
0.5474
2.518
0.692
1.795
4.26
1.106
3.6
0.08514
0.06015
1.177
0.6567
0.3494
2.523
3.24
3.105
8.17
0.525
0.007298
0.0787
0.1831
0.1575
1.071
0.3137
0.1261
6.375
0.381
3.7
0.373
0.889
1.104
0.0574
0.2228
0.11835
7.527
1.394
2.426
0.327
0.1411
0.2408
0.1766
0.0
0.0
0.0
0.1813
0.01274
0.1241
0.0
0.0791
0.1276
0.2087
0.1593
0.002281
0.003239
0.004322
0.0682
0.5586
0.0836
0.02888
0.2668
0.0932
0.3696
0.09674
0.04575
0.10077
0.1222
0.06213
0.1578
0.02766
0.0425
0.03123
0.10315
0.1283
0.03418
0.06964
0.4426
0.1873
0.02081
0.8423
0.2688
0.6626
0.1357
0.0
0.276
0.02626
0.07794
0.0814
0.5454
0.2583
0.1464
0.02954
0.0297
0.04788
0.01094
0.0794
0.03387
0.0
0.06537
0.0
0.05365
0.01133
0.262
0.2128
0.1882
0.04578
0.124
0.0
0.1537
0.05545
0.035
0.0949
0.09174
2.053
2.291
0.0998
0.003183
0.06805
0.0
0.0821
0.1549
0.04953
0.006096
0.252
16.89
10.54
0.907
0.2343
0.04395
0.1368
0.1508
0.1287
3.621
1.777
1.856
8.76
2.555
2.576
2.45
1.592
0.1189
0.09375
0.0651
12.11
5.793
6.03
4.22
2.867
6.047
2.82
13.53
13.53
2.709
1.25
5.113
1.372
2.928
38.28
5.0
3.469
8.63
7.0
3.88
0.7046
3.31
3.754
2.152
1.022
3.223
4.688
4.207
2.814
4.297
11.39
2.658
6.566
5.082
7.207
5.71
3.217
1.026
9.07
3.88
2.504
0.7876
1.015
3.203
3.688
4.84
3.004
0.752
1.996
19.02
5.664
5.9
0.08203
0.1488
3.34
2.63
10.05
1.52
45.8
3.88
1.273
39.12
0.4727
2.178
0.2372
0.7197
0.153
4.445
0.7266
0.776
0.492
1.333
9.73
2.879
0.58
0.3596
0.024
0.3708
0.0
0.0706
0.0504
3.389
8.58
8.914
1.38
0.00987
0.05927
0.2869
0.68
1.054
0.2008
0.0
4.027
0.802
1.792
0.1912
0.319
0.1182
0.0
0.02687
0.1506
5.965
0.0
6.05
0.11566
0.00857
0.05786
