0.228
0.0891
0.1218
0.2183
0.1094
0.12274
0.2617
0.11017
0.0728
0.0811
0.1903
0.1432
0.02269
0.1686
0.2169
0.11615
0.3533
0.2035
0.05893
0.166
0.07916
0.1217
0.1536
0.09985
0.2365
0.0781
0.0489
0.04773
0.02661
0.0744
0.1045
0.0734
0.2235
0.157
0.1638
0.1451
0.06836
0.02364
0.1636
0.01678
0.2083
0.1575
0.077
0.258
0.155
0.2379
0.3037
0.0319
1.391
7.555
14.57
0.09576
0.1913
0.1039
0.06616
0.2798
0.1808
0.09467
0.04807
3.334
8.695
3.77
0.1221
0.12366
0.02597
0.05875
0.2258
0.11816
0.2386
0.0473
1.307
2.293
1.777
18.88
0.2261
0.02719
0.0413
0.1658
0.1686
0.03604
0.02753
4.33
1.738
1.094
14.38
0.1567
0.02536
5.117
0.2472
0.1677
0.05594
0.2343
1.858
0.71
1.169
23.3
0.1948
0.02531
3.979
0.08
0.1181
0.0533
0.02106
10.47
0.21
1.505
7.86
0.07465
0.04807
2.883
0.1359
0.1198
0.01743
1.99
13.16
13.24
2.193
10.75
0.08813
0.04245
0.07416
0.1455
0.1048
0.01564
0.04526
2.29
15.31
16.84
9.91
0.1807
0.10895
0.01413
0.1477
0.1143
0.09503
0.1311
0.0507
16.11
23.02
25.28
0.595
0.1038
0.02887
0.0655
0.1257
0.03604
0.03775
0.05054
23.14
30.31
30.77
9.92
0.02957
0.01634
0.1637
0.03503
0.0
0.0
0.003817
7.465
18.95
16.34
23.11
0.08734
0.06195
1.991
0.7896
0.4043
1.459
0.985
0.4385
4.113
0.3384
4.637
0.2502
0.2039
5.207
3.162
2.025
4.12
2.17
3.736
2.691
3.129
1.763
2.98
1.102
8.555
3.025
5.785
11.164
2.328
21.61
9.02
4.89
4.4
9.69
2.162
6.64
2.373
3.447
9.04
1.759
6.11
6.383
6.51
4.28
6.45
0.0
0.1493
0.0993
0.1307
0.182
0.1813
0.1292
0.2598
0.10016
0.1248
0.03586
0.1958
0.2052
0.0374
0.2622
0.1005
0.1648
0.2181
0.09973
0.11316
0.2242
0.0946
0.12494
0.218
0.1796
0.3193
0.1313
0.04556
0.063
0.0518
0.0758
0.06046
0.1595
0.1554
0.2156
0.256
0.2242
0.077
0.02386
0.2197
0.4453
0.1271
0.07654
0.04236
0.0285
0.2295
0.187
0.2927
0.07935
0.33
3.445
13.49
0.1289
0.1741
0.04285
0.03445
0.298
0.2664
0.11115
0.0707
0.955
1.157
8.055
8.58
0.0964
0.05643
0.04214
0.2164
0.2915
0.2212
0.04654
0.4849
0.3403
0.432
14.586
0.2441
0.01542
0.01122
0.2542
0.2764
0.06683
0.0272
0.506
0.5107
0.646
1.031
0.1385
0.02817
2.514
0.2219
0.1638
0.09064
0.1104
1.026
0.5713
0.2013
0.0719
0.2317
0.0179
0.1562
0.1277
0.1752
0.114
0.0
2.268
0.555
1.154
0.01874
0.1776
0.04825
0.6226
0.3513
0.1023
0.03998
1.835
3.453
1.336
0.343
2.281
0.175
0.07043
0.4204
0.2135
0.2786
0.0889
0.06635
2.232
9.21
2.621
0.775
0.152
0.06287
0.0407
0.1993
0.1283
0.0982
0.2893
0.0433
0.9727
22.69
55.53
1.584
0.2236
0.09326
0.1484
0.09424
0.04547
0.07983
0.0471
2.297
1.804
12.29
0.6743
0.0315
0.02708
0.2922
0.4536
0.09186
0.02197
0.0135
0.4182
2.184
3.482
5.65
0.1597
0.03717
3.4
0.2291
0.8027
0.829
0.791
0.3755
5.02
0.373
3.057
0.1444
0.3535
3.055
0.3494
0.6445
1.083
0.3772
1.922
0.4155
0.3284
0.4841
0.665
0.2062
0.0
0.0
0.0
0.0
0.0
0.0
0.0
0.0
0.0
0.0
0.0
0.0
0.0
0.0
0.0
0.0
0.0
0.0
0.0
0.0
0.0
0.0
0.1065
0.2043
0.1334
0.2369
0.2917
0.1985
0.3674
0.3008
0.08344
0.1226
0.1436
0.3833
0.1343
0.303
0.171
0.2295
0.2115
0.2069
0.1659
0.1847
0.10583
0.11096
0.1893
0.399
0.2922
0.185
0.0968
0.04037
0.0731
0.1217
0.1815
0.2289
0.2742
0.2646
0.4082
0.2964
0.1278
0.04105
0.2593
4.176
0.1769
0.1704
0.2153
0.1091
0.1192
0.2607
0.3562
0.1143
0.03387
1.327
9.12
0.1533
0.287
0.154
0.02164
0.2954
0.2428
0.317
0.1016
0.07086
0.5503
8.26
27.17
0.183
0.0319
0.03494
0.269
0.2351
0.2678
0.06
0.648
0.545
0.2208
3.701
0.2336
0.0257
0.01575
0.2527
0.3381
0.09125
0.0653
0.2228
0.324
0.2408
2.035
0.2041
0.06744
0.0866
0.3013
0.2634
0.1334
0.4453
0.604
0.1917
0.02634
0.057
0.233
0.05783
0.0262
0.2156
0.2308
0.1598
0.006153
1.386
0.402
0.7573
0.00872
0.2913
0.05023
0.01993
0.32
0.1793
0.0937
3.81
0.1448
0.3374
0.3384
0.2007
0.2656
0.2069
0.1458
0.2358
0.2942
0.195
0.0531
0.11774
2.559
1.639
0.2365
0.2477
0.1354
0.0574
0.21
0.1653
0.2174
0.1503
0.0695
0.2164
1.923
4.242
0.338
0.2988
0.132
0.2152
0.2007
0.0797
0.1921
0.097
0.1578
0.1239
0.6006
0.1057
0.0842
0.0704
7.723
1.8955
0.1144
0.1141
0.9297
0.1724
0.385
0.7397
0.2191
0.4849
0.284
7.734
0.974
1.163
1.162
0.8716
1.224
1.37
0.1185
3.266
0.3818
0.4429
2.434
0.81
0.4795
1.484
1.563
0.979
0.7656
0.447
0.06647
0.2213
0.08124
0.0
0.0
0.0
0.0
0.0
0.0
0.0
0.0
0.0
0.0
0.0
0.0
0.0
0.0
0.0
0.0
0.0
0.0
0.0
0.0
0.0
0.0
0.03226
0.06885
0.05133
0.1561
0.2018
0.03214
0.0912
0.0
0.0
0.03032
0.1652
0.2131
0.1334
0.1231
0.08026
0.0526
0.1227
0.12427
0.0
0.0707
0.05554
0.02771
0.0929
0.2004
0.10706
0.04614
0.0707
0.01367
0.02579
0.0
0.0
0.02371
0.07697
0.1254
0.1421
0.1505
0.02081
0.03085
4.332
5.164
0.02147
0.1827
0.1799
0.0954
0.04584
0.139
0.0734
0.04596
0.01788
1.036
1.373
0.1294
0.10333
0.05194
0.02545
0.02025
0.04205
0.2632
0.04425
0.02893
0.2974
2.578
0.624
0.1432
0.00965
0.00864
0.01974
0.0784
0.0591
0.05182
0.0
1.328
0.769
0.02481
0.04956
0.006416
0.01324
0.0855
0.2115
0.04422
0.01205
0.218
1.906
0.5557
1.18
0.04678
0.0961
0.01833
0.0256
0.1011
0.09595
0.916
0.12054
0.0835
0.007607
0.02896
0.0903
0.00847
0.01384
0.0838
0.06525
0.06616
0.01268
0.4182
0.287
0.1298
0.0
0.2217
0.02698
0.007668
0.2037
0.284
0.0599
5.48
0.02809
0.0867
0.3457
0.0883
0.132
0.1788
0.03235
0.1555
0.0958
0.05304
0.06274
0.03485
5.25
1.687
0.1877
0.124
0.11743
0.0332
0.0974
0.1427
0.0243
0.02182
0.01585
0.223
0.03137
0.1677
0.04956
0.134
0.06305
0.0616
0.01201
0.0636
0.02502
0.03284
0.139
0.0
0.0921
0.00626
0.04138
0.04977
25.97
8.95
1.333
5.195
5.77
2.473
0.646
0.259
0.01381
0.2937
0.4978
13.0
2.686
3.043
3.65
3.959
4.46
3.633
0.6543
5.26
2.955
6.97
1.853
1.258
0.4954
1.81
1.309
1.188
1.508
1.021
1.164
0.3987
0.3367
0.0
0.0
0.0
0.0
0.0
0.0
0.0
0.0
0.0
0.0
0.0
0.0
0.0
0.0
0.0
0.0
0.0
0.0
0.0
0.0
0.0
0.0
0.1071
0.02293
0.2045
0.3716
0.0733
0.3223
0.0912
0.1888
0.2098
0.1825
0.6284
0.0648
0.2195
0.1186
0.2488
0.1747
0.06122
0.0827
0.1564
0.3064
0.0832
0.2393
0.37
0.08356
0.03256
0.2452
0.1915
0.04086
0.07996
0.1912
0.09503
0.189
0.1752
0.2703
0.0902
0.1575
0.0277
0.04916
45.16
0.826
0.3774
0.1508
0.282
0.1692
0.10657
0.0834
0.1359
0.03635
0.05545
5.35
0.1908
0.1437
0.0858
0.1039
0.02553
0.00319
0.1536
0.2339
0.0675
0.09607
1.356
1.665
0.08246
0.373
0.1298
0.05777
0.2229
0.2864
0.0604
0.1465
0.1825
1.081
1.532
0.4375
0.2303
0.06064
0.04938
0.07434
0.1663
0.07074
0.1129
0.703
1.267
0.844
0.02072
0.3108
0.171
0.02599
0.238
0.1882
0.09357
0.7407
0.3975
0.0944
0.11145
0.0
0.248
0.1364
0.03677
0.08093
0.3145
0.04834
0.05774
0.855
0.2888
0.04987
0.0
0.2295
0.06046
0.09796
0.1417
0.2316
0.1143
2.738
2.154
4.95
2.385
0.0
0.1932
0.2898
0.236
0.1263
0.1273
0.0884
0.03397
0.03247
2.594
4.016
0.004326
0.07153
0.3206
0.02803
0.04276
0.2119
0.2421
0.1606
0.1569
0.1826
0.0
0.471
0.11993
0.1539
0.2253
0.1615
0.04785
0.05222
0.05594
0.09265
0.1458
0.1106
0.0947
0.02493
0.118
0.06204
10.875
13.32
9.31
16.19
10.734
2.293
0.5737
1.152
0.0751
0.4363
0.6226
12.97
8.12
9.445
6.8
6.195
9.25
12.74
4.836
8.5
20.52
13.98
5.465
10.93
0.593
0.8013
3.809
0.7974
1.977
1.033
0.76
0.566
0.7695
0.0
0.0
0.0
0.0
0.0
0.0
0.0
0.0
0.0
0.0
0.0
0.0
0.0
0.0
0.0
0.0
0.0
0.0
0.0
0.0
0.0
0.0
0.032
0.0689
0.02573
0.079
0.1451
0.0646
0.0913
0.0
0.0788
0.06064
0.1664
0.02167
0.0
0.0968
0.0805
0.02612
0.03052
0.0828
0.0
0.03558
0.1359
0.0825
0.01845
0.0
0.02158
0.04605
0.03072
0.01358
0.00854
0.0
0.02841
0.0
0.10126
0.0
0.0
0.1125
0.01387
0.006123
64.2
0.02515
0.1261
0.0532
0.2793
0.1195
0.02277
0.0
0.0
0.01317
0.00592
5.957
0.02304
0.04065
0.07697
0.0456
0.0
0.05945
0.02107
0.0
0.0302
0.01915
3.2
1.61
0.0
0.0
0.0858
0.01735
0.0394
0.0785
0.1056
0.01743
0.6255
0.918
1.253
1.087
0.0246
0.03793
0.0376
0.0628
0.0393
0.006466
0.02966
0.11285
0.4612
0.1644
0.0
0.04645
0.05765
0.01863
0.0
0.08075
0.0303
1.152
0.3372
0.409
0.0861
0.04465
0.09155
0.0417
0.01374
0.05737
0.04446
0.0573
0.0621
1.331
0.3271
0.281
0.0
0.132
0.02733
0.02252
0.0
0.1434
0.02742
0.0
1.807
1.842
3.576
1.838
0.1302
0.1143
0.1736
0.10516
0.0
0.0531
0.03796
0.007008
1.113
6.957
0.2125
0.07385
0.1127
0.01346
0.03943
0.0239
0.02437
0.1481
0.0894
0.0934
0.0
0.272
0.05865
0.0449
0.07477
0.0723
0.0
0.02908
0.05096
0.02444
0.00711
0.0
0.004482
0.01243
0.0568
0.03748
3.059
1.663
5.09
1.491
4.223
2.252
0.1749
0.7407
0.127
0.4326
0.3467
2.79
3.93
5.43
5.51
4.87
5.266
2.264
5.383
4.38
10.914
1.547
1.864
10.65
2.27
0.853
2.97
0.611
0.666
0.9194
0.986
0.6616
1.177
0.0
0.0
0.0
0.0
0.0
0.0
0.0
0.0
0.0
0.0
0.0
0.0
0.0
0.0
0.0
0.0
0.0
0.0
0.0
0.0
0.0
0.0
0.1522
0.131
0.08466
0.1311
0.2091
0.1913
0.109
0.2673
0.2612
0.1592
0.177
0.08655
0.06415
0.1278
0.1329
0.1613
0.2101
0.333
0.1659
0.1421
0.269
0.1385
0.02222
0.02617
0.0413
0.1201
0.05075
0.05008
0.0406
0.1624
0.0745
0.1003
0.1708
0.04465
0.02547
0.0907
0.02145
0.0918
16.94
0.02905
0.1573
0.2517
0.307
0.19
0.12427
0.05652
0.014084
0.02054
0.2817
6.44
0.003918
0.06094
0.1838
0.2211
0.1716
0.03848
0.1139
0.0787
0.02922
2.756
7.63
1.988
0.0125
0.03403
0.1555
0.07367
0.0749
0.12085
0.1376
0.02696
22.45
2.611
1.927
0.9795
0.0995
0.05786
0.4868
0.1461
0.1018
0.02583
0.05133
0.2263
0.2197
0.3022
0.0422
0.1384
0.04425
0.1068
0.0541
0.11084
0.02562
3.299
0.2512
0.365
0.2588
0.03079
0.2233
0.0602
0.02629
0.189
0.1317
0.02406
0.2786
2.69
0.3604
1.381
0.3892
0.201
0.06186
0.0578
0.0
0.2062
0.0264
0.708
3.494
0.792
2.227
2.56
0.10504
0.11475
0.08734
0.143
0.09
0.1761
0.07117
0.05753
0.3171
5.855
0.7783
0.11115
0.2036
0.02083
0.1586
0.11365
0.1316
0.1936
0.08594
0.2498
0.0
0.03186
0.04733
0.08594
0.0978
0.1287
0.02538
0.03378
0.0676
0.0526
0.1675
0.0352
0.02478
0.01497
0.05307
0.04373
0.7974
0.2952
0.0902
0.00861
0.847
0.7573
0.02382
0.357
0.2218
0.2793
0.1965
3.88
1.453
1.462
4.906
1.222
4.84
0.669
1.228
1.033
1.249
0.4902
1.299
4.246
2.084
1.575
1.127
0.6616
0.2869
0.4775
0.2169
0.7266
0.6436
0.0
0.0
0.0
0.0
0.0
0.0
0.0
0.0
0.0
0.0
0.0
0.0
0.0
0.0
0.0
0.0
0.0
0.0
0.0
0.0
0.0
0.0
0.2034
0.03244
0.11835
0.2062
0.2255
0.1719
0.1897
0.08905
0.1709
0.043
0.03146
0.02536
0.0493
0.1168
0.1952
0.0816
0.178
0.1992
0.113
0.172
0.2366
0.2266
0.00436
0.00872
0.08276
0.089
0.04608
0.02281
0.04367
0.1246
0.05524
0.1495
0.2651
0.014885
0.0689
0.0644
0.03894
0.03363
0.8037
0.0212
0.09796
0.2201
0.1268
0.1617
0.03766
0.04343
0.05368
0.04306
1.1875
7.02
0.2769
0.02615
0.1118
0.1508
0.1311
0.00951
0.06033
0.0934
0.03543
2.133
5.67
1.869
0.04175
0.01134
0.07623
0.074
0.06033
0.0756
0.126
0.03824
70.0
1.922
2.594
0.1593
0.1554
0.01506
1.202
0.064
0.10406
0.00757
0.02887
4.043
1.146
0.4915
0.0878
0.05933
0.01153
1.419
0.01804
0.04858
0.0129
24.39
10.0
0.697
0.97
0.0887
0.1438
0.01591
0.0895
0.1587
0.0911
0.0318
8.49
12.61
0.3303
3.621
1.394
0.10693
0.0475
0.836
0.036
0.05457
0.02357
4.53
10.52
0.3057
1.484
4.223
0.07446
0.0395
0.0751
0.1913
0.1367
0.0826
0.02525
0.05225
0.7554
3.895
0.873
0.1562
0.2142
0.02127
0.2026
0.2456
0.0697
0.2043
0.03943
0.647
0.4526
0.534
0.02144
0.0411
0.0334
0.01785
0.02316
0.01356
0.0728
0.0336
0.367
0.2866
0.158
0.01061
0.02374
0.01817
0.2888
0.1283
0.1077
0.001692
0.0135
4.89
0.002773
0.886
0.1844
0.05746
0.0628
4.492
0.879
0.3857
2.924
0.9326
2.281
1.167
2.475
0.551
0.3337
0.1506
0.5386
1.438
0.941
0.5713
0.431
0.55
0.3513
0.6084
0.816
0.4783
0.3655
0.0
0.0
0.0
0.0
0.0
0.0
0.0
0.0
0.0
0.0
0.0
0.0
0.0
0.0
0.0
0.0
0.0
0.0
0.0
0.0
0.0
0.0
0.2369
0.08026
0.1222
0.2576
0.1247
0.1004
0.2179
0.11017
0.07294
0.0811
0.1558
0.10046
0.02861
0.1732
0.2124
0.1029
0.279
0.2145
0.05914
0.1572
0.1547
0.1434
0.0802
0.0679
0.2035
0.0503
0.05154
0.01767
0.02667
0.08185
0.11194
0.0797
0.3064
0.0842
0.1813
0.0666
0.05338
0.02368
0.141
0.01802
0.1823
0.2361
0.1152
0.3064
0.1142
0.1984
0.2693
0.0303
2.533
7.406
5.586
0.05014
0.1849
0.1242
0.0885
0.1748
0.1032
0.1488
0.04425
0.538
12.67
5.742
0.1085
0.0882
0.02354
0.0777
0.1536
0.05573
0.2482
0.0474
78.25
5.223
2.533
3.44
0.2678
0.02556
0.07587
0.1538
0.1674
0.02783
0.02913
37.22
3.0
2.324
12.38
0.1448
0.02283
6.01
0.2211
0.1329
0.02977
9.984
35.8
0.545
2.14
30.97
0.1553
0.02531
2.33
0.06033
0.0856
0.0449
13.41
13.19
0.3508
3.402
22.78
0.0634
0.0547
2.635
0.02718
0.07715
0.01747
3.447
7.18
5.902
2.74
16.14
0.0771
0.0425
0.03427
0.12103
0.1189
0.01576
0.0354
0.864
2.525
10.84
8.24
0.2086
0.14
0.01246
0.1719
0.2144
0.09503
0.1622
0.0507
8.66
16.81
0.492
0.0552
0.1026
0.02066
0.04468
0.12274
0.0387
0.0728
0.05057
6.016
24.97
1.217
2.785
0.02962
0.01636
0.0862
0.09204
0.03854
0.0
0.003817
24.56
4.715
9.6
2.613
0.1437
0.0356
3.37
0.7104
0.2783
1.584
0.6
0.5083
1.47
1.402
0.4182
0.2866
0.1508
3.955
3.154
1.563
4.086
2.281
3.89
2.97
2.629
1.813
2.973
1.223
8.555
3.025
5.785
11.164
2.328
21.61
9.02
4.89
4.4
9.69
2.162
6.64
2.373
3.447
9.04
1.759
6.11
6.383
6.51
4.28
6.45
0.0
0.2137
0.03442
0.1757
0.2135
0.1299
0.372
0.2244
0.05933
0.1847
0.0867
0.1472
0.1787
0.1224
0.2678
0.0906
0.126
0.2146
0.1284
0.12164
0.1296
0.08636
0.2404
0.1381
0.1683
0.1661
0.2269
0.03912
0.02539
0.0224
0.279
0.169
0.07086
0.2737
0.1428
0.2144
0.2883
0.03345
1.438
38.6
11.79
0.1995
0.1974
0.1027
0.1254
0.317
0.1726
0.0848
0.04147
2.06
8.33
4.242
0.071
0.1323
0.0701
0.08655
0.2316
0.1267
0.2484
0.04163
0.3777
2.316
1.115
39.53
0.2205
0.04092
0.05423
0.1532
0.1686
0.1199
0.03992
14.52
1.216
2.055
20.34
0.166
0.01657
5.414
0.2064
0.1625
0.04742
0.012
1.758
1.158
1.187
13.28
0.1981
0.02934
1.799
0.0716
0.1073
0.04865
0.3904
15.47
0.2257
0.761
13.34
0.0769
0.0593
5.203
0.1323
0.0919
0.02089
1.711
12.94
9.45
2.068
9.055
0.0894
0.01772
0.0515
0.1632
0.0952
0.004086
0.05212
2.37
18.92
24.2
11.91
0.2113
0.0752
0.02313
0.1959
0.1517
0.1041
0.03818
0.04306
22.48
18.84
8.71
1.13
0.1095
0.0181
0.1229
0.252
0.1477
0.06396
0.05063
14.97
19.19
61.94
15.71
0.0808
0.02777
0.128
0.038
0.0
0.0
0.002726
7.86
53.44
22.97
20.05
0.11066
0.0641
1.052
1.452
0.336
1.448
1.862
0.345
2.93
0.3582
4.324
0.1785
0.1895
11.87
0.8823
2.42
4.953
0.8
5.33
3.129
2.2
2.133
4.01
0.957
9.195
7.055
2.834
8.59
4.207
7.594
5.742
5.984
3.926
6.504
2.479
8.555
3.025
5.785
11.164
2.328
21.61
9.02
4.89
4.4
9.69
2.162
5.805
2.078
3.016
7.918
1.539
5.35
5.582
5.7
3.748
5.645
0.0
0.3062
0.05676
0.2734
0.0989
0.1843
0.2297
0.11
0.11395
0.2496
0.10364
0.1511
0.2537
0.2201
0.3618
0.1522
0.1174
0.2832
0.25
0.124
0.07495
0.1876
0.167
0.1895
0.2632
0.2566
0.2559
0.0395
0.03412
0.594
0.1704
0.0821
0.03897
0.03024
0.2117
0.1685
0.278
0.0832
0.3416
17.6
10.914
0.2686
0.1797
0.04236
0.06525
0.3376
0.2542
0.09955
0.06097
0.591
1.108
9.06
4.984
0.1031
0.1525
0.0621
0.2218
0.3125
0.2302
0.04092
0.1401
0.3438
0.271
30.53
0.2379
0.0232
0.01475
0.2349
0.2764
0.2223
0.03946
1.698
0.3574
1.214
1.459
0.1467
0.0184
2.66
0.1853
0.1587
0.07684
0.005657
0.97
0.932
0.2042
0.04095
0.2357
0.02074
0.0706
0.11426
0.1592
0.104
0.0
3.352
0.5967
0.584
0.03183
0.1831
0.0595
1.123
0.342
0.0785
0.0479
1.577
3.396
0.9536
0.3232
1.921
0.1776
0.0294
0.292
0.2395
0.2534
0.02325
0.0764
2.31
11.375
3.77
0.9316
0.1779
0.04343
0.06665
0.2644
0.1703
0.1076
0.0843
0.0368
1.358
18.58
19.12
3.004
0.2358
0.05844
0.2786
0.1888
0.1864
0.1353
0.04718
1.485
1.142
24.75
1.067
0.08606
0.04602
0.2286
0.4915
0.08325
0.03958
0.009636
0.4402
6.152
4.89
4.9
0.2023
0.03845
1.796
0.4214
0.667
0.8228
1.496
0.2954
3.574
0.3948
2.85
0.10297
0.3286
6.965
0.09753
0.77
1.303
0.139
2.74
0.4832
0.2308
0.5854
0.895
0.1791
0.0
0.0
0.0
0.0
0.0
0.0
0.0
0.0
0.0
0.0
0.0
0.0
0.0
0.0
0.0
0.0
0.0
0.0
0.0
0.0
0.0
0.0
0.0
0.0
0.0
0.0
0.0
0.0
0.0
0.0
0.0
0.0
0.0
0.572
0.2037
0.3157
0.1683
0.2568
0.2228
0.2281
0.167
0.2057
0.1159
0.1342
0.2202
0.489
0.331
0.2146
0.2495
0.1814
0.353
0.1991
0.2251
0.269
0.2947
0.2327
0.4194
0.3394
0.4243
0.06793
0.04025
5.57
0.2372
0.1829
0.1981
0.1157
0.10986
0.235
0.3384
0.1199
0.03503
6.777
7.375
0.3193
0.2964
0.1523
0.04102
0.3345
0.2317
0.284
0.0877
0.04382
0.5273
9.3
15.8
0.1957
0.0861
0.05145
0.276
0.2522
0.2788
0.05276
0.1873
0.551
0.1385
7.754
0.2278
0.03867
0.02069
0.2334
0.3381
0.3037
0.0947
0.748
0.2267
0.4524
2.877
0.2162
0.04407
0.0916
0.2515
0.2551
0.11304
0.02281
0.571
0.313
0.02673
0.03247
0.2372
0.067
0.01184
0.1929
0.2097
0.1458
0.1141
2.049
0.4324
0.383
0.01481
0.3
0.06198
0.03595
0.3115
0.1376
0.1123
3.275
0.1423
0.2408
0.3188
0.1691
0.2695
0.08636
0.1012
0.2644
0.2673
0.05093
0.06116
0.1218
3.162
2.355
0.2844
0.2898
0.0935
0.09393
0.2786
0.2195
0.2382
0.0438
0.05908
0.3022
1.574
1.461
0.6406
0.315
0.08264
0.404
0.402
0.3267
0.3254
0.09717
0.10205
0.0784
1.209
0.1674
0.2301
0.1196
6.043
2.055
0.10364
0.2054
0.664
0.1815
1.085
1.039
0.1902
0.6143
0.2937
4.082
1.791
0.9663
1.153
1.647
0.963
0.976
0.1255
3.045
0.2725
0.4119
5.55
0.2261
0.5728
1.784
0.576
1.3955
0.8896
0.3142
0.0804
0.2979
0.07056
0.0
0.0
0.0
0.0
0.0
0.0
0.0
0.0
0.0
0.0
0.0
0.0
0.0
0.0
0.0
0.0
0.0
0.0
0.0
0.0
0.0
0.0
0.0
0.0
0.0
0.0
0.0
0.0
0.0
0.0
0.0
0.0
0.0
0.318
0.2023
0.1283
0.079
0.05884
0.1292
0.137
0.0
0.0787
0.06082
0.0335
0.1081
0.2457
0.1213
0.0535
0.182
0.06146
0.12445
0.0
0.0
0.0279
0.08276
0.11017
0.146
0.1722
0.0691
0.05106
0.6724
6.887
0.0288
0.1962
0.1655
0.1012
0.04227
0.1252
0.06976
0.0482
0.0185
5.293
1.11
0.2693
0.1067
0.05136
0.04822
0.02292
0.04013
0.2357
0.03818
0.01788
0.2847
2.902
0.3628
0.1532
0.02608
0.012726
0.02025
0.0841
0.06152
0.04556
0.0
1.343
0.4827
0.05197
0.0483
0.00965
0.0174
0.079
0.2115
0.1471
0.01747
0.732
1.334
1.044
1.668
0.04956
0.0628
0.01938
0.02138
0.09784
0.0813
0.0469
0.11395
0.1362
0.007717
0.01651
0.09186
0.00982
0.006256
0.075
0.0593
0.06033
0.2352
0.618
0.3086
0.0656
0.0
0.2284
0.03326
0.01384
0.1984
0.218
0.0718
4.71
0.02763
0.06186
0.326
0.0744
0.1339
0.0746
0.02246
0.1743
0.0871
0.01386
0.07227
0.03607
6.484
2.424
0.2257
0.145
0.0811
0.05435
0.1293
0.1895
0.02663
0.00636
0.01347
0.3115
0.0257
0.05777
0.094
0.1414
0.03952
0.11566
0.02406
0.2607
0.0424
0.0329
0.08997
0.0
0.1854
0.00991
0.11304
0.0846
20.33
9.7
1.208
9.36
4.12
2.604
1.82
0.3638
0.01198
0.3723
0.5146
6.863
4.938
2.53
3.625
7.49
3.51
2.588
0.693
4.906
2.11
6.48
4.223
0.351
0.592
2.176
0.4824
1.695
1.754
0.7173
1.408
0.5366
0.2922
0.0
0.0
0.0
0.0
0.0
0.0
0.0
0.0
0.0
0.0
0.0
0.0
0.0
0.0
0.0
0.0
0.0
0.0
0.0
0.0
0.0
0.0
0.0
0.0
0.0
0.0
0.0
0.0
0.0
0.0
0.0
0.0
0.0
0.09674
0.333
0.12366
0.2448
0.1953
0.06445
0.0912
0.1573
0.341
0.0911
0.2893
0.4304
0.1024
0.0369
0.2842
0.4934
0.1837
0.386
0.3127
0.1178
0.2222
0.1884
0.2374
0.0927
0.1802
0.092
0.08136
7.01
1.103
0.506
0.1619
0.2593
0.1796
0.09827
0.07513
0.129
0.03812
0.05734
27.33
0.1544
0.2993
0.08856
0.1027
0.0484
0.00361
0.1465
0.2095
0.05826
0.05942
1.299
1.874
0.04794
0.399
0.3503
0.0851
0.2285
0.3071
0.06287
0.1288
0.05273
1.092
0.9614
0.916
0.2246
0.09125
0.0649
0.0687
0.1663
0.2354
0.1638
2.36
0.886
1.586
0.0293
0.329
0.11176
0.02751
0.1987
0.1823
0.0793
0.03793
0.3757
0.154
0.1131
0.0
0.2524
0.158
0.01662
0.0724
0.2856
0.0441
1.07
1.264
0.3103
0.02524
0.0
0.2366
0.0746
0.1768
0.138
0.1777
0.1371
2.354
2.12
3.533
2.248
0.0
0.196
0.1209
0.164
0.1417
0.1157
0.0231
0.03912
0.0336
3.205
5.77
0.0052
0.0837
0.2213
0.0459
0.05673
0.2812
0.2651
0.04678
0.1333
0.2551
0.0
0.1622
0.2275
0.1624
0.1411
0.3032
0.0959
0.2141
0.0948
0.09283
0.09424
0.07
0.1907
0.03946
0.3223
0.10547
8.51
14.44
8.445
29.16
7.664
2.414
1.617
1.618
0.0651
0.5527
0.644
6.848
14.92
7.844
6.75
11.72
7.277
9.07
5.117
7.93
14.63
13.0
12.45
3.05
0.708
0.9634
1.403
1.137
2.297
0.726
0.919
0.761
0.668
0.0
0.0
0.0
0.0
0.0
0.0
0.0
0.0
0.0
0.0
0.0
0.0
0.0
0.0
0.0
0.0
0.0
0.0
0.0
0.0
0.0
0.0
0.0
0.0
0.0
0.0
0.0
0.0
0.0
0.0
0.0
0.0
0.0
0.03235
0.0
0.1009
0.0792
0.0292
0.03214
0.0913
0.0
0.0396
0.1488
0.0998
0.02145
0.0
0.02443
0.05338
0.07916
0.06104
0.0412
0.0
0.03522
0.0
0.1089
0.0
0.0
0.1287
0.04605
0.01014
9.96
0.03354
0.1691
0.05707
0.2568
0.1268
0.02098
0.0
0.0
0.0138
0.006123
30.42
0.01865
0.0846
0.0794
0.04507
0.0
0.0673
0.02011
0.0
0.02606
0.01184
3.064
1.8125
0.0
0.0
0.2317
0.02556
0.04037
0.08417
0.10986
0.01533
0.1808
0.9277
0.786
2.277
0.02399
0.0571
0.0494
0.05798
0.0393
0.02151
0.043
0.379
0.3228
0.3088
0.0
0.0492
0.03766
0.01971
0.0
0.0782
0.02568
0.059
0.3186
0.6675
0.0874
0.02544
0.09314
0.0483
0.00621
0.05133
0.04037
0.05228
1.152
1.967
0.3516
0.1422
0.0
0.136
0.03372
0.04065
0.0
0.1101
0.03287
0.0
1.777
1.314
3.371
1.548
0.1322
0.0477
0.12054
0.1179
0.0
0.013885
0.04373
0.007248
1.376
10.0
0.2556
0.08636
0.0778
0.02203
0.0523
0.03174
0.02669
0.04312
0.076
0.1305
0.0
0.09375
0.11127
0.04733
0.04684
0.1357
0.0
0.11926
0.08636
0.02449
0.0046
0.0
0.00902
0.01967
0.1552
0.06366
2.393
1.803
4.617
2.686
3.014
2.371
0.4932
1.04
0.1101
0.548
0.3586
1.473
7.227
4.51
5.473
9.21
4.145
1.611
5.695
4.082
7.79
1.438
4.25
2.97
2.713
1.026
1.095
0.8716
0.774
0.646
1.192
0.8906
1.021
0.0
0.0
0.0
0.0
0.0
0.0
0.0
0.0
0.0
0.0
0.0
0.0
0.0
0.0
0.0
0.0
0.0
0.0
0.0
0.0
0.0
0.0
0.0
0.0
0.0
0.0
0.0
0.0
0.0
0.0
0.0
0.0
0.0
0.1292
0.0973
0.1333
0.1309
0.1804
0.2213
0.367
0.167
0.1582
0.2944
0.1676
0.02585
0.03207
0.04675
0.1393
0.1307
0.2251
0.1959
0.2656
0.0924
0.1179
0.1836
0.03925
0.02617
0.1038
0.0712
0.1519
2.629
0.03876
0.2108
0.27
0.2822
0.2014
0.11456
0.05093
0.013374
0.02153
0.2913
32.9
0.00317
0.127
0.1897
0.2185
0.3254
0.04355
0.10864
0.07043
0.0252
1.704
7.31
2.238
0.007263
0.0364
0.4202
0.1085
0.0768
0.1296
0.1432
0.02371
6.492
2.639
1.209
2.05
0.097
0.0871
0.6396
0.1349
0.1018
0.08594
0.07446
0.76
0.1538
0.568
0.0597
0.1466
0.02892
0.11304
0.04517
0.1073
0.02171
0.169
0.2377
0.5957
0.2627
0.01755
0.2272
0.06976
0.01189
0.1691
0.1196
0.02196
5.168
3.975
0.3872
0.698
0.661
0.2072
0.0763
0.1043
0.0
0.1582
0.03165
0.6084
3.436
0.5654
2.1
2.156
0.10657
0.04788
0.06067
0.1603
0.08185
0.04602
0.082
0.05954
0.3918
8.42
0.936
0.13
0.1406
0.0341
0.2103
0.1509
0.1442
0.0564
0.07306
0.3489
0.0
0.01097
0.0898
0.09064
0.06128
0.2413
0.05084
0.1385
0.1146
0.05273
0.10834
0.02226
0.0499
0.0237
0.1449
0.07434
0.6235
0.3198
0.0818
0.01552
0.605
0.7974
0.06714
0.5015
0.1925
0.354
0.2032
2.049
2.672
1.214
4.87
2.31
3.807
0.4766
1.299
0.963
0.891
0.4558
2.96
1.186
2.488
1.894
0.4153
0.9434
0.3335
0.3357
0.2625
0.978
0.5586
0.0
0.0
0.0
0.0
0.0
0.0
0.0
0.0
0.0
0.0
0.0
0.0
0.0
0.0
0.0
0.0
0.0
0.0
0.0
0.0
0.0
0.0
0.0
0.0
0.0
0.0
0.0
0.0
0.0
0.0
0.0
0.0
0.0
0.03787
0.07477
0.1218
0.192
0.09125
0.1874
0.2196
0.1138
0.1914
0.259
0.274
0.005074
0.01069
0.0938
0.10315
0.1187
0.10254
0.2108
0.2037
0.0685
0.1758
0.2852
0.013084
0.07086
0.07367
0.1293
0.05566
0.1247
0.02829
0.1313
0.2362
0.11664
0.1716
0.03473
0.03912
0.05096
0.04517
1.228
35.88
0.2239
0.05444
0.11536
0.149
0.2484
0.010765
0.05756
0.0836
0.03058
1.318
5.43
2.105
0.02426
0.01213
0.2059
0.10895
0.06186
0.0811
0.1311
0.03363
20.23
1.941
1.628
0.3335
0.1515
0.02266
1.58
0.0591
0.10406
0.02518
0.04187
13.57
0.8027
0.9233
0.1242
0.0628
0.00753
1.501
0.01505
0.04703
0.01093
1.249
9.46
1.138
0.9844
0.05054
0.1464
0.01843
0.04044
0.142
0.08276
0.02902
157.5
18.64
0.3552
1.832
2.367
0.1102
0.0586
1.509
0.03506
0.04187
0.02826
3.895
10.35
0.2183
1.399
3.559
0.07556
0.01648
0.05212
0.2145
0.1243
0.02159
0.02908
0.05405
0.933
5.598
1.05
0.1827
0.148
0.03482
0.2688
0.3262
0.07635
0.05954
0.0335
0.904
0.3706
0.1841
0.04065
0.04333
0.02092
0.0335
0.04642
0.0556
0.1234
0.03366
0.2374
0.1814
0.318
0.0168
0.0648
0.03088
0.226
0.139
0.09766
0.003046
0.009636
5.15
0.00782
1.245
0.16
0.0728
0.06494
2.371
1.616
0.3203
2.902
1.764
1.795
0.8306
2.62
0.5137
0.238
0.14
1.228
0.4014
1.124
0.6865
0.1588
0.7837
0.4084
0.4277
0.9863
0.6436
0.3174
0.0
0.0
0.0
0.0
0.0
0.0
0.0
0.0
0.0
0.0
0.0
0.0
0.0
0.0
0.0
0.0
0.0
0.0
0.0
0.0
0.0
0.0
0.0
0.0
0.0
0.0
0.0
0.0
0.0
0.0
0.0
0.0
0.0
0.1499
0.0434
0.1807
0.209
0.11505
0.2937
0.2365
0.05954
0.175
0.1693
0.1735
0.09326
0.0832
0.2305
0.0583
0.1328
0.0794
0.1288
0.1339
0.1388
0.09375
0.3296
0.07404
0.1863
0.0762
0.1772
0.03918
0.02188
0.02405
0.2444
0.2532
0.10596
0.3252
0.1053
0.1787
0.2556
0.03177
2.62
37.8
4.52
0.1044
0.1909
0.1228
0.1677
0.1979
0.09845
0.1332
0.03818
0.3328
12.14
6.465
0.0631
0.09436
0.0636
0.1145
0.1575
0.05978
0.2583
0.0417
22.62
5.277
1.59
7.203
0.2612
0.03845
0.09973
0.1421
0.1674
0.0926
0.04224
125.0
2.1
4.367
17.5
0.1533
0.01491
6.36
0.1846
0.1288
0.02522
0.5117
33.84
0.8896
2.174
17.64
0.158
0.02934
1.053
0.054
0.07776
0.04095
248.6
19.48
0.3772
1.721
38.7
0.06537
0.06744
4.758
0.02644
0.0592
0.02095
2.963
7.06
4.21
2.582
13.59
0.07825
0.01775
0.02379
0.1357
0.10803
0.00412
0.04077
0.8936
3.121
15.586
9.914
0.244
0.0967
0.0204
0.2279
0.2847
0.1041
0.04724
0.04306
12.086
13.766
0.1694
0.10474
0.1082
0.01295
0.08386
0.246
0.1587
0.1234
0.0507
3.893
15.805
2.45
4.406
0.08093
0.02782
0.06744
0.0998
0.03494
0.0
0.002726
25.86
13.29
13.484
2.268
0.182
0.03683
1.778
1.307
0.2312
1.573
1.135
0.4
1.047
1.484
0.39
0.2045
0.1401
9.016
0.8804
1.868
4.914
0.8403
5.547
3.455
1.848
2.193
4.0
1.062
9.195
7.055
2.834
8.59
4.207
7.594
5.742
5.984
3.926
6.504
2.479
8.555
3.025
5.785
11.164
2.328
21.61
9.02
4.89
4.4
9.69
2.162
5.805
2.078
3.016
7.918
1.539
5.35
5.582
5.7
3.748
5.645
0.0
0.0832
0.164
0.2128
0.0979
0.1116
0.185
0.1064
0.08734
0.1049
0.1735
0.0928
0.02153
0.156
0.1996
0.1181
0.3025
0.1506
0.05194
0.2202
0.1007
0.1225
0.03467
0.09985
0.2021
0.07355
0.11053
0.0713
0.02116
0.02222
0.10516
0.0886
0.2057
0.10065
0.1915
0.1382
0.1866
0.02663
0.02292
0.11475
0.0625
0.1268
0.0797
0.274
0.07886
0.272
0.3047
0.0962
1.547
5.223
15.77
0.074
0.07635
0.10297
0.1346
0.06244
0.1742
0.0891
0.1398
2.656
9.31
4.797
0.0487
0.0908
0.065
0.0652
0.04974
0.1191
0.218
0.1162
0.342
8.586
1.404
25.14
0.07733
0.10504
0.04
0.4495
0.1838
0.10956
0.02948
2.621
1.356
2.318
14.42
0.04016
0.06042
8.03
7.324
0.2122
0.1488
0.01516
20.8
0.9565
1.541
13.12
0.08905
0.0687
2.436
37.78
0.1516
0.1425
0.0277
9.33
0.2057
0.9336
14.85
0.02072
0.1561
2.582
14.78
0.1213
0.0727
1.878
13.42
9.414
1.798
18.14
0.02946
0.0567
0.1106
24.33
0.08594
0.01877
0.1881
2.1
13.0
16.05
13.984
0.05875
0.0859
0.04993
4.055
0.0939
0.0942
0.1449
0.1355
22.47
12.86
15.02
1.066
0.0455
0.06064
0.6494
0.1102
0.07306
0.01724
0.0799
20.84
16.58
58.12
13.98
0.02237
0.02135
0.01892
0.04257
0.0
0.0
0.002392
9.92
27.75
15.4
20.1
0.0965
0.06604
0.1538
3.34
0.3096
1.582
1.176
0.2424
5.45
0.4734
3.553
0.2114
0.2832
0.4763
1.638
6.637
4.496
0.794
7.996
2.908
2.646
2.324
2.805
0.9883
1.375
3.398
3.984
19.14
2.0
9.0
17.64
7.95
4.23
6.855
3.31
2.32
2.64
3.127
11.41
1.619
6.797
4.99
5.625
5.633
6.676
2.203
0.0
0.0927
0.176
0.1774
0.1624
0.1174
0.1837
0.0967
0.1498
0.04636
0.1783
0.1704
0.03552
0.2427
0.09247
0.1677
0.1866
0.07385
0.09973
0.2976
0.1204
0.1257
0.0601
0.1796
0.2732
0.12366
0.10297
0.09406
0.04117
0.02264
0.06082
0.1925
0.143
0.1103
0.2993
0.2134
0.2104
0.02689
0.03078
3.043
0.03815
0.0616
0.04382
0.03026
0.03546
0.2137
0.2937
0.2393
0.3672
2.383
14.6
0.0996
0.0695
0.04245
0.07007
0.0263
0.2566
0.1047
0.2054
0.7607
1.24
10.24
3.422
0.0708
0.1412
0.04678
0.0183
0.2937
0.2021
0.1143
0.127
1.274
0.341
19.42
0.08344
0.05954
0.01087
0.10583
0.3015
0.2031
0.02913
0.3064
0.3987
1.37
1.034
0.0355
0.06714
3.945
3.084
0.2073
0.2412
0.007145
11.48
0.7695
0.2654
0.04047
0.1059
0.04858
0.09564
1.32
0.2249
0.3047
0.0
2.021
0.544
0.7163
0.0354
0.0493
0.1567
0.5576
1.368
0.1036
0.1669
1.73
3.521
0.95
0.281
3.85
0.05853
0.0941
0.6265
21.6
0.2286
0.10675
0.276
2.045
7.82
2.5
1.094
0.04944
0.0496
0.1438
7.168
0.1053
0.0973
0.3198
0.1158
1.357
12.68
32.97
2.836
0.098
0.1958
0.4946
0.0826
0.09216
0.03647
0.07446
2.07
0.9863
23.22
0.9497
0.02383
0.03537
0.002974
0.551
0.1558
0.01994
0.00846
0.5557
3.195
3.28
4.914
0.1764
0.03964
0.0798
0.969
0.6147
0.899
0.9443
0.2076
6.65
0.522
2.342
0.122
0.4912
0.905
0.181
2.113
1.182
0.1381
4.113
0.4487
0.2778
0.638
0.6255
0.1849
0.8374
0.0
0.0
0.0
0.0
0.0
0.0
0.0
0.0
0.0
0.0
0.0
0.0
0.0
0.0
0.0
0.0
0.0
0.0
0.0
0.0
0.0
0.0
0.1908
0.1796
0.2308
0.2612
0.1804
0.26
0.2903
0.10016
0.1586
0.1309
0.1417
0.1274
0.2803
0.1573
0.2335
0.181
0.1532
0.1462
0.2451
0.1346
0.1117
0.07806
0.399
0.2498
0.1743
0.2189
0.06027
0.05814
0.03635
0.1826
0.2761
0.2522
0.2864
0.4773
0.2822
0.349
0.04626
0.03632
28.53
0.0531
0.1372
0.2228
0.1158
0.0171
0.298
0.3574
0.3447
0.03766
0.918
9.87
0.11847
0.1146
0.1527
0.04404
0.05145
0.2338
0.2983
0.2954
0.05643
0.59
10.51
10.836
0.1344
0.0798
0.03876
0.03705
0.2369
0.2448
0.1473
0.1696
2.041
0.1744
4.93
0.0799
0.09924
0.01526
0.02971
0.3687
0.2773
0.06995
0.135
0.253
0.5107
2.04
0.05228
0.1606
0.1359
0.2769
0.3333
0.3547
0.02882
6.754
0.2583
0.03473
0.03207
0.10657
0.157
0.01604
0.254
0.2964
0.427
0.008095
1.235
0.394
0.47
0.01648
0.0808
0.1632
0.01784
0.3906
0.1815
0.3909
3.596
0.1477
0.24
0.277
0.3389
0.08875
0.2764
0.2172
4.23
0.2413
0.2339
0.2207
0.1079
2.174
1.5625
0.3337
0.08057
0.10675
0.2028
3.838
0.1357
0.2153
0.1661
0.1859
0.302
1.075
2.52
0.605
0.131
0.2769
0.1609
0.1759
0.1615
0.08777
0.1533
0.1422
0.06775
1.135
0.1489
0.0637
0.0919
0.00892
2.3
0.1938
0.1035
0.583
0.2291
0.5635
0.6963
0.1907
0.5356
0.3027
0.06354
4.12
0.891
1.26
1.04
0.677
1.815
0.1659
2.502
0.3228
0.6157
0.3452
0.4197
1.571
1.619
0.5723
2.094
0.8267
0.3782
0.08765
0.2081
0.0728
0.4846
0.0
0.0
0.0
0.0
0.0
0.0
0.0
0.0
0.0
0.0
0.0
0.0
0.0
0.0
0.0
0.0
0.0
0.0
0.0
0.0
0.0
0.0
0.0643
0.0691
0.1521
0.1805
0.0292
0.06445
0.0
0.0
0.0392
0.1505
0.0
0.1266
0.1139
0.0738
0.0535
0.105
0.092
0.0
0.0938
0.0707
0.0279
0.0
0.2004
0.09155
0.04346
0.1597
0.02042
0.02051
0.0
0.0
0.02861
0.0708
0.10284
0.1661
0.1433
0.05682
0.03476
0.607
35.28
0.006447
0.1472
0.186
0.10126
0.0
0.1589
0.07367
0.1385
0.01988
0.717
1.486
0.1
0.04126
0.05148
0.0518
0.012726
0.0405
0.2478
0.1285
0.02304
0.3184
3.28
0.249
0.1052
0.02415
0.00958
0.03032
0.079
0.05402
0.1272
0.0
4.977
0.6074
0.03302
0.01694
0.02478
0.01283
0.05667
0.2307
0.1344
0.0129
0.1321
1.487
1.179
1.183
0.01198
0.229
0.02875
0.02618
0.1278
0.2554
0.05927
1.349
0.1124
0.010025
0.0163
0.0413
0.023
0.00847
0.05505
0.0838
0.1766
0.01668
0.3728
0.2812
0.0805
0.0
0.0615
0.0876
0.006866
0.298
0.2876
0.25
5.17
0.02867
0.06165
0.2834
0.149
0.04413
0.2388
0.0482
5.23
0.0786
0.06366
0.2607
0.03195
4.457
1.608
0.2651
0.04034
0.09265
0.1173
0.5913
0.1172
0.02406
0.02412
0.0424
0.3113
0.01755
0.0996
0.08875
0.05875
0.1324
0.03268
0.01053
0.1289
0.01143
0.0519
0.1254
0.0
0.174
0.00881
0.0313
0.065
0.0
10.875
2.26
4.715
3.617
3.287
0.9453
0.2439
0.01201
0.3245
0.531
0.1796
11.36
2.332
3.959
4.727
2.467
4.812
0.916
4.03
2.498
9.69
0.536
0.652
1.624
1.975
0.479
2.543
1.629
0.864
1.535
0.375
0.3018
0.6216
0.0
0.0
0.0
0.0
0.0
0.0
0.0
0.0
0.0
0.0
0.0
0.0
0.0
0.0
0.0
0.0
0.0
0.0
0.0
0.0
0.0
0.0
0.02142
0.2754
0.362
0.0656
0.293
0.06445
0.1824
0.252
0.2361
0.5728
0.1558
0.2083
0.10974
0.2288
0.1777
0.0524
0.06122
0.1378
0.4065
0.10583
0.2407
0.092
0.08356
0.02785
0.2308
0.4329
0.061
0.06354
0.0571
0.0956
0.228
0.1611
0.295
0.10547
0.1499
0.0756
0.0554
6.324
5.645
0.1133
0.12146
0.2917
0.1797
0.01613
0.0953
0.1364
0.1096
0.06165
3.701
0.2065
0.111
0.03424
0.10297
0.05194
0.11914
0.148
0.2202
0.1963
0.07654
1.453
2.117
0.0329
0.274
0.3245
0.0641
0.005775
0.2886
0.05518
0.3599
0.04776
4.047
1.21
0.5825
0.07874
0.2341
0.04785
0.3801
0.1814
0.215
0.1209
0.426
0.9883
1.791
0.02077
0.0796
0.4075
0.0408
0.1919
0.238
0.2489
0.04794
4.445
0.1272
0.147
0.0
0.11346
0.3699
0.0225
0.0
0.4038
0.1292
0.076
0.762
0.283
0.03094
0.0
0.06366
0.1964
0.0877
0.279
0.2345
0.477
2.584
2.2
3.52
1.954
0.0
0.0646
0.3872
0.3518
3.566
0.10443
0.1061
0.1412
0.02977
2.203
3.828
0.006107
0.02325
0.2527
0.09906
0.01907
0.1741
0.2397
0.1775
0.4192
0.255
0.0
0.2798
0.2148
0.0675
0.4731
0.02122
0.04196
0.10583
0.02554
0.1465
0.1313
0.06046
0.179
0.03513
0.08923
0.08105
0.1029
16.17
15.8
14.69
6.727
3.047
0.84
1.085
0.0653
0.482
0.664
0.2964
34.34
7.23
7.37
7.4
5.113
16.88
6.766
6.516
17.33
19.42
10.49
5.664
1.942
0.874
1.394
1.706
2.135
0.874
1.002
0.532
0.69
0.834
0.0
0.0
0.0
0.0
0.0
0.0
0.0
0.0
0.0
0.0
0.0
0.0
0.0
0.0
0.0
0.0
0.0
0.0
0.0
0.0
0.0
0.0
0.06433
0.03464
0.07697
0.1299
0.0587
0.0646
0.0
0.09454
0.0784
0.1516
0.0
0.0
0.08954
0.07404
0.02657
0.02612
0.0613
0.0
0.0472
0.1729
0.08307
0.02751
0.0
0.01845
0.04333
0.06946
0.02028
0.00679
0.0
0.02858
0.0
0.0932
0.1525
0.0
0.1071
0.03787
0.0069
8.984
0.1719
0.03784
0.04285
0.2888
0.1268
0.02411
0.0
0.0
0.0397
0.006584
4.117
0.02495
0.0314
0.03072
0.04517
0.0
0.1243
0.0203
0.0
0.08777
0.01526
3.426
2.047
0.0
0.0
0.2147
0.01926
1.401
0.07904
0.0965
0.0428
0.1637
3.438
0.9897
1.447
0.00841
0.1465
0.03644
0.599
0.04288
0.01965
0.03174
0.06836
0.3599
0.3486
0.0
0.011894
0.1373
0.02924
0.7925
0.1022
0.0806
0.0745
3.771
0.5513
0.1136
0.02513
0.04187
0.11316
0.00841
0.1329
0.05707
0.1531
0.0817
1.187
0.3206
0.1744
0.0
0.03662
0.08875
0.02017
0.09064
0.1453
0.11444
0.0
1.843
1.31
2.93
3.102
0.04355
0.1527
0.2588
0.1306
0.0
0.0637
0.1578
0.00642
0.9453
6.633
0.3
0.02402
0.08887
0.04755
0.2666
0.01962
0.02414
0.1637
0.239
0.1304
0.0
0.1616
0.10504
0.01967
0.157
0.0922
0.0
0.05896
0.02327
0.03864
0.00641
0.0
0.00847
0.0175
0.04297
0.04895
0.05603
2.02
8.63
1.354
2.646
2.992
0.256
0.6973
0.1104
0.4778
0.3696
0.593
16.62
4.156
5.977
5.816
2.912
2.998
7.53
3.354
9.23
2.15
7.023
5.516
7.44
0.931
1.087
1.308
0.719
0.778
1.3
0.6226
1.055
0.3328
0.0
0.0
0.0
0.0
0.0
0.0
0.0
0.0
0.0
0.0
0.0
0.0
0.0
0.0
0.0
0.0
0.0
0.0
0.0
0.0
0.0
0.0
0.1223
0.11395
0.1278
0.1871
0.1738
0.0771
0.258
0.3135
0.2059
0.1613
0.11804
0.06088
0.1183
0.1223
0.1641
0.1798
0.2465
0.1462
0.1886
0.3423
0.1395
0.11127
0.02617
0.0353
0.11304
0.1147
0.07477
0.0323
0.0485
0.07495
0.121
0.1571
0.323
0.02977
0.08636
0.05862
0.10345
2.371
0.1986
0.0472
0.2026
0.3174
0.2015
0.06323
0.0646
0.01413
0.06192
0.3132
4.457
0.004242
0.0471
0.07336
0.219
0.3494
0.29
0.1097
0.07404
0.0849
2.195
8.17
2.53
0.004986
0.025
0.3892
0.0817
7.31
0.1217
0.1257
0.0662
5.88
9.78
1.522
1.305
0.03403
0.2235
0.4717
0.753
0.111
0.0785
0.05496
0.1371
0.1715
0.641
0.0423
0.03546
0.10547
0.1677
1.109
0.1401
0.0682
0.2135
2.81
0.4917
0.3413
0.01733
0.1021
0.1635
0.0161
0.2905
0.1691
0.0643
0.3667
2.398
0.353
0.8564
0.7354
0.0558
0.2009
0.0518
0.05466
0.2086
0.11017
0.668
3.564
0.5635
1.824
4.32
0.03513
0.1533
0.1302
0.1511
0.07385
0.2114
0.296
0.05273
0.2693
5.586
1.099
0.03616
0.1606
0.07355
0.2385
0.0933
0.1304
0.214
0.2299
0.3486
0.0
0.01892
0.0848
0.0377
0.2053
0.08136
0.02225
0.0685
0.0309
0.0832
0.1509
0.01924
0.0468
0.02107
0.04013
0.05713
0.0781
0.3584
0.153
0.00782
0.5312
1.007
0.03485
0.3362
0.193
0.3086
0.2095
1.194
6.145
1.119
5.32
1.459
2.676
0.886
1.718
0.7915
1.056
0.681
1.51
2.201
6.83
1.719
0.4124
1.415
0.3098
0.404
0.2861
0.6836
0.577
0.1459
0.0
0.0
0.0
0.0
0.0
0.0
0.0
0.0
0.0
0.0
0.0
0.0
0.0
0.0
0.0
0.0
0.0
0.0
0.0
0.0
0.0
0.0
0.03029
0.1593
0.2009
0.2018
0.1562
0.1342
0.08594
0.2051
0.05563
0.02867
0.1624
0.04678
0.1081
0.1796
0.083
0.1523
0.1475
0.0996
0.2281
0.301
0.228
0.06647
0.00872
0.0708
0.08374
0.1042
0.03406
0.03473
0.0372
0.05554
0.1804
0.2441
0.09064
0.08057
0.06128
0.1064
0.0379
0.11255
0.1449
0.0294
0.1772
0.1311
0.1718
0.04688
0.04962
0.05386
0.1299
1.319
4.855
0.2996
0.0202
0.04462
0.1493
0.2666
0.1412
0.05807
0.0879
0.10297
1.699
6.074
2.379
0.01665
0.00833
0.1907
0.0821
20.53
0.0762
0.1151
0.09393
18.33
7.195
2.049
0.212
0.05313
0.05817
1.165
13.54
0.11346
0.02301
0.03091
2.45
0.895
1.042
0.0881
0.01519
0.02745
2.227
2.912
0.06143
0.03433
1.578
111.94
0.939
1.279
0.04993
0.0658
0.04318
0.05478
0.506
0.117
0.08496
11.17
11.24
0.3237
2.246
2.633
0.02968
0.1543
0.7485
1.045
0.0552
0.0984
4.273
10.74
0.2174
1.216
7.13
0.0249
0.05273
0.1119
0.127
0.11224
0.0991
0.105
0.04788
0.6416
3.713
1.232
0.0508
0.169
0.0752
0.01918
0.2017
0.06903
0.226
0.1054
0.903
0.2532
0.3174
0.0384
0.01802
0.0701
0.0403
0.02031
0.02748
0.03326
0.0531
0.3308
0.1567
0.2986
0.01494
0.01796
0.02374
0.0363
0.1559
0.1826
0.001534
0.00846
6.5
0.00406
0.835
0.1604
0.0635
0.06696
0.5156
3.719
0.2954
3.17
1.113
1.262
1.546
3.463
0.422
0.2822
0.2094
0.1396
0.745
3.084
0.6235
0.1577
1.176
0.3794
0.5146
1.075
0.4497
0.328
0.2029
0.0
0.0
0.0
0.0
0.0
0.0
0.0
0.0
0.0
0.0
0.0
0.0
0.0
0.0
0.0
0.0
0.0
0.0
0.0
0.0
0.0
0.0
0.07495
0.1646
0.251
0.11163
0.09125
0.1542
0.1064
0.0876
0.1049
0.142
0.0929
0.02715
0.1603
0.1953
0.1047
0.2388
0.1588
0.05212
0.2086
0.1968
0.1443
0.03482
0.0679
0.174
0.04733
0.1165
0.02638
0.02121
0.02444
0.1126
0.0962
0.282
0.0941
0.2119
0.0634
0.1458
0.02669
0.01974
0.12317
0.05472
0.1901
0.11914
0.3252
0.07886
0.2267
0.2703
0.0914
2.816
5.12
6.047
0.03873
0.07385
0.12305
0.18
0.0568
0.09937
0.14
0.1285
0.4285
13.58
7.305
0.0433
0.0648
0.05893
0.08624
9.25
0.05615
0.2268
0.11646
20.48
19.56
2.002
4.582
0.0916
0.0987
0.07355
19.23
0.1825
0.0846
0.03119
22.56
2.342
4.93
12.414
0.03708
0.05438
9.44
4.38
0.1682
0.0792
0.6465
400.5
0.7344
2.824
17.44
0.071
0.0687
1.426
26.64
0.10986
0.11993
17.64
11.76
0.3438
2.111
43.03
0.0176
0.1776
2.36
16.11
0.0781
0.07294
3.252
7.324
4.195
2.244
27.23
0.02577
0.0568
0.05106
0.2356
0.09753
0.01892
0.1471
0.7915
2.145
10.336
11.64
0.0679
0.11035
0.044
0.687
0.176
0.0942
0.1793
0.1355
12.08
9.4
0.2922
0.0989
0.04498
0.0434
0.3308
0.1076
0.0784
0.03326
0.07996
5.42
13.66
2.299
3.922
0.0224
0.02138
0.02222
0.1118
0.06537
0.0
0.002392
32.66
6.902
9.04
2.273
0.1587
0.03796
0.10126
3.006
0.2131
1.718
0.7163
0.281
1.947
1.963
0.3203
0.2423
0.2096
0.161
1.634
5.125
4.46
0.8345
8.32
3.209
2.225
2.39
2.795
1.097
1.314
3.398
3.984
19.14
2.0
9.0
17.64
7.95
4.23
6.855
3.31
2.32
2.64
3.127
11.41
1.619
6.797
4.99
5.625
5.633
6.676
2.203
0.0
0.03214
0.2366
0.208
0.1163
0.3381
0.1587
0.05728
0.2217
0.11206
0.1342
0.04193
0.11615
0.2479
0.0833
0.1282
0.1837
0.0951
0.10724
0.172
0.1099
0.242
0.1083
0.1683
0.1421
0.2136
0.08844
0.03793
0.0178
0.0834
0.1699
0.0855
0.252
0.0837
0.2507
0.2747
0.0914
1.621
5.402
80.56
0.05984
0.1589
0.10626
0.133
0.11835
0.1971
0.085
0.1251
2.291
5.758
4.594
0.0548
0.05283
0.0695
0.1761
0.07324
0.1221
0.2339
0.121
0.3008
2.482
1.419
15.77
0.1619
0.10236
0.0602
0.591
0.1699
0.10956
0.0981
3.803
4.555
1.623
27.1
0.0568
0.064
5.25
7.75
0.1771
0.1442
0.01285
1.065
0.9043
2.516
13.31
0.05075
0.0699
2.822
17.08
0.1357
0.1294
0.02527
173.0
0.3042
1.004
7.51
0.0352
0.1609
3.184
26.67
0.11804
0.0558
2.25
11.54
9.26
1.283
17.11
0.02481
0.05756
0.04614
16.89
0.0964
0.01706
0.04916
2.418
13.45
19.83
20.11
0.0707
0.10046
0.0345
6.637
0.1245
0.125
0.1587
0.03946
19.1
17.97
12.3
0.3674
0.08636
0.0639
0.4067
0.2069
0.1464
0.07074
0.1354
20.89
10.73
36.78
28.14
0.0354
0.05832
0.03217
0.0333
0.0
0.0
0.004307
7.086
29.22
43.38
28.23
0.0837
0.0837
0.159
1.763
0.5693
1.314
1.167
0.4585
4.29
0.3372
3.76
0.1971
0.202
0.4429
3.732
1.853
5.37
0.9546
2.947
4.145
3.076
1.634
3.39
1.33
1.194
3.654
9.29
9.375
1.539
16.25
6.203
5.062
5.176
6.117
2.223
2.66
3.398
3.984
19.14
2.0
9.0
17.64
7.95
4.23
6.855
3.31
2.32
2.31
2.736
9.99
1.417
5.953
4.363
4.92
4.93
5.84
1.929
0.0
0.053
0.3682
0.0964
0.165
0.2087
0.07776
0.11
0.2996
0.134
0.1377
0.0727
0.2089
0.3347
0.14
0.1194
0.2423
0.185
0.1093
0.0995
0.2388
0.1681
0.1186
0.2632
0.2194
0.2407
0.08923
0.05093
0.4724
0.0509
0.0826
0.04703
0.02783
0.03763
0.197
0.2646
0.2272
0.3848
2.465
74.56
0.08057
0.1448
0.04382
0.0693
0.04987
0.2905
0.09985
0.184
0.6567
0.7666
9.81
3.852
0.04114
0.1511
0.1263
0.02696
0.301
0.2167
0.11896
0.11163
0.3684
0.3447
12.18
0.1748
0.05804
0.01636
0.139
0.2786
0.2031
0.0969
0.4446
1.339
0.9585
1.942
0.0502
0.0711
2.578
3.264
0.173
0.2335
0.006058
0.588
0.7275
0.433
0.04108
0.06036
0.04944
0.11084
0.5967
0.2013
0.2766
0.0
37.5
0.804
0.77
0.01791
0.08374
0.1615
0.688
2.47
0.1008
0.128
2.074
3.027
0.9346
0.2006
3.629
0.0493
0.09546
0.2615
14.99
0.2563
0.09705
0.0721
2.355
8.09
3.088
1.572
0.05945
0.05798
0.0993
11.734
0.1396
0.1292
0.3503
0.03372
1.153
17.72
27.0
0.977
0.1859
0.2064
0.3098
0.155
0.1847
0.1495
0.1261
2.074
0.638
14.695
1.912
0.03772
0.0966
0.005054
0.431
0.1687
0.01808
0.01523
0.3967
3.365
9.24
6.9
0.153
0.05023
0.08246
0.5117
1.131
0.7466
0.938
0.3926
5.23
0.3718
2.479
0.1138
0.3503
0.8413
0.4126
0.59
1.412
0.166
1.516
0.64
0.323
0.4485
0.7563
0.2489
0.727
0.0
0.0
0.0
0.0
0.0
0.0
0.0
0.0
0.0
0.0
0.0
0.0
0.0
0.0
0.0
0.0
0.0
0.0
0.0
0.0
0.0
0.0
0.0
0.0
0.0
0.0
0.0
0.0
0.0
0.0
0.0
0.0
0.0
0.1903
0.425
0.1641
0.2297
0.2025
0.1614
0.1613
0.2468
0.1499
0.1223
0.0944
0.464
0.3062
0.1974
0.2537
0.1553
0.2612
0.1755
0.2988
0.3425
0.2966
0.3079
0.4194
0.29
0.3994
0.1536
0.06012
4.43
0.07086
0.184
0.239
0.1065
0.01814
0.275
0.322
0.3274
0.0395
0.949
50.4
0.0958
0.2386
0.1576
0.04355
0.09753
0.2646
0.2847
0.2644
0.0487
0.3645
10.06
12.2
0.0781
0.0853
0.10474
0.0546
0.2428
0.2625
0.1534
0.1492
0.59
0.1763
3.094
0.1674
0.09674
0.02296
0.03903
0.3406
0.2773
0.2327
0.1958
0.849
0.3574
3.832
0.0739
0.1702
0.0888
0.293
0.278
0.3435
0.02443
0.346
0.2443
0.05667
0.03256
0.06073
0.1597
0.01859
0.11475
0.2651
0.3877
0.00738
22.92
0.5825
0.5054
0.00833
0.1372
0.1682
0.022
0.7046
0.1766
0.3
4.31
0.127
0.236
0.1979
0.3193
0.07477
0.2805
0.09064
2.938
0.2705
0.2126
0.0577
0.1243
2.248
1.931
0.48
0.09686
0.1249
0.14
6.285
0.18
0.286
0.182
0.05417
0.2566
1.501
2.062
0.2084
0.2484
0.292
0.10077
0.33
0.3237
0.3599
0.2598
0.1425
0.04382
0.7183
0.2998
0.1008
0.2512
0.01517
1.801
0.2101
0.0938
1.05
0.1636
0.5933
1.963
0.2678
0.4646
0.3835
0.0657
2.176
1.639
1.047
1.033
1.279
1.429
0.11816
2.648
0.3008
0.439
0.321
0.9565
0.4387
1.935
0.688
0.772
1.179
0.4397
0.06158
0.2517
0.098
0.4207
0.0
0.0
0.0
0.0
0.0
0.0
0.0
0.0
0.0
0.0
0.0
0.0
0.0
0.0
0.0
0.0
0.0
0.0
0.0
0.0
0.0
0.0
0.0
0.0
0.0
0.0
0.0
0.0
0.0
0.0
0.0
0.0
0.0
0.189
0.1727
0.07697
0.05267
0.11743
0.09686
0.0
0.0944
0.0787
0.03053
0.0
0.2332
0.11224
0.04922
0.1852
0.0526
0.09216
0.0
0.0
0.0355
0.08325
0.1106
0.146
0.1472
0.06506
0.1154
1.004
5.477
0.0086
0.1973
0.1997
0.09314
0.0
0.1465
0.0664
0.1316
0.02084
0.741
7.59
0.0809
0.0859
0.05313
0.0512
0.02411
0.04584
0.2365
0.1152
0.01988
0.1969
3.14
0.2803
0.06116
0.02583
0.0259
0.04468
0.081
0.05792
0.1324
0.0
1.4375
0.614
0.02074
0.0355
0.02415
0.0193
0.07446
0.2131
0.1344
0.0429
0.1917
4.996
0.8247
2.22
0.01694
0.2426
0.01878
0.02771
0.1067
0.2472
0.05023
0.0691
0.1063
0.01637
0.01654
0.02353
0.02339
0.00982
0.02489
0.075
0.1605
0.01522
6.918
0.4158
0.08655
0.0
0.10443
0.0903
0.00847
0.538
0.2798
0.1919
6.2
0.02464
0.0606
0.2023
0.1405
0.03717
0.2423
0.02011
3.633
0.08813
0.05786
0.0682
0.0368
4.613
1.986
0.381
0.0485
0.10834
0.08105
0.968
0.1555
0.03195
0.02643
0.01235
0.2644
0.0245
0.08154
0.03056
0.11145
0.1396
0.02048
0.01976
0.2583
0.04688
0.08795
0.1256
0.0
0.1101
0.01775
0.04956
0.1776
0.0
8.51
2.45
4.273
6.516
2.346
0.9956
0.6875
0.01688
0.2815
0.6724
0.1857
5.996
4.285
3.29
4.695
4.664
3.787
0.6523
4.266
2.33
6.906
0.4985
1.485
0.4531
2.36
0.5757
0.9375
2.322
1.004
1.079
0.4534
0.4062
0.5396
0.0
0.0
0.0
0.0
0.0
0.0
0.0
0.0
0.0
0.0
0.0
0.0
0.0
0.0
0.0
0.0
0.0
0.0
0.0
0.0
0.0
0.0
0.0
0.0
0.0
0.0
0.0
0.0
0.0
0.0
0.0
0.0
0.0
0.3108
0.1665
0.2385
0.1748
0.0586
0.06445
0.152
0.4092
0.1178
0.2637
0.11127
0.09717
0.03415
0.2615
0.502
0.1572
0.2856
0.2756
0.1564
0.2827
0.1896
0.3171
0.0927
0.154
0.08655
0.184
10.47
0.8765
0.1511
0.1628
0.313
0.1653
0.0171
0.0878
0.12286
0.1041
0.06464
3.828
1.055
0.08984
0.0713
0.10626
0.05136
0.2258
0.1675
0.2101
0.1758
0.06604
0.8984
2.03
0.03705
0.1593
0.3472
0.1732
0.008514
0.296
0.05917
0.3745
0.04202
1.17
1.223
0.3655
0.1649
0.2283
0.072
0.4998
0.1675
0.215
0.4023
0.6177
3.318
1.253
0.039
0.1125
0.4316
0.02666
0.203
0.1987
0.2411
0.04062
0.2278
0.12024
0.2399
0.0
0.06464
0.3765
0.02608
0.0
0.3613
0.1173
0.0693
14.13
0.4182
0.03326
0.0
0.10815
0.2024
0.1082
0.5034
0.2281
0.3662
3.098
1.89
3.46
1.3955
0.0
0.0544
0.3928
0.1469
2.477
0.1171
0.09644
0.03693
0.0343
2.28
4.73
0.00878
0.02797
0.2957
0.0684
0.03122
0.2308
0.3184
0.1945
0.12213
0.2167
0.0
0.229
0.07404
0.128
0.4988
0.0133
0.07874
0.212
0.10474
0.2482
0.1316
0.03912
0.1133
0.0707
0.1412
0.2214
0.1749
12.66
17.11
13.31
12.12
2.176
0.8843
3.057
0.09174
0.4182
0.8413
0.3066
18.12
13.3
6.125
7.344
9.67
13.28
4.816
6.895
16.16
13.86
9.75
12.91
0.5425
1.044
1.676
0.6284
3.043
1.016
0.704
0.6436
0.9287
0.724
0.0
0.0
0.0
0.0
0.0
0.0
0.0
0.0
0.0
0.0
0.0
0.0
0.0
0.0
0.0
0.0
0.0
0.0
0.0
0.0
0.0
0.0
0.0
0.0
0.0
0.0
0.0
0.0
0.0
0.0
0.0
0.0
0.0
0.0
0.1359
0.0772
0.02614
0.0292
0.0646
0.0
0.04752
0.1924
0.09094
0.03326
0.0
0.02261
0.0491
0.0805
0.05225
0.03052
0.0
0.04675
0.0
0.1096
0.164
0.0
0.11005
0.04333
0.02292
14.875
0.02667
0.0505
0.05743
0.31
0.1167
0.02559
0.0
0.0
0.0377
0.0069
4.26
0.1274
0.02539
0.06396
0.04663
0.0
0.2356
0.02298
0.0
0.07855
0.01317
2.12
1.961
0.0
0.0
0.2296
0.052
2.064
0.08105
0.10345
0.04456
0.1439
0.9937
1.0
0.908
0.01761
0.1428
0.05484
0.787
0.0396
0.01965
0.10565
0.0992
1.208
0.2439
0.0
0.01682
0.1455
0.0191
0.8384
0.08527
0.07806
0.0632
0.1931
0.521
0.1854
0.0255
0.02385
0.1151
0.00975
0.0601
0.0511
0.139
0.0745
22.0
0.4739
0.1875
0.0
0.06216
0.0915
0.02487
0.1636
0.1414
0.0878
0.0
1.584
1.288
2.092
2.924
0.03668
0.155
0.108
0.0907
0.0
0.05795
0.04126
0.007397
0.9785
8.195
0.4314
0.02888
0.10394
0.03284
0.4365
0.02603
0.03204
0.1793
0.06964
0.1108
0.0
0.1323
0.0362
0.03732
0.1655
0.05777
0.0
0.1181
0.09546
0.0655
0.00642
0.0
0.00536
0.03522
0.068
0.1337
0.0952
1.58
9.36
1.227
4.766
2.137
0.2695
1.966
0.155
0.4146
0.4685
0.6133
8.78
7.65
4.965
5.773
5.508
2.36
5.363
3.55
8.6
1.534
6.53
12.57
2.076
1.112
1.308
0.482
1.025
0.9043
0.9136
0.753
1.42
0.289
0.0
0.0
0.0
0.0
0.0
0.0
0.0
0.0
0.0
0.0
0.0
0.0
0.0
0.0
0.0
0.0
0.0
0.0
0.0
0.0
0.0
0.0
0.0
0.0
0.0
0.0
0.0
0.0
0.0
0.0
0.0
0.0
0.0
0.0909
0.1794
0.1276
0.1615
0.2012
0.2595
0.1613
0.1898
0.3809
0.1527
0.1345
0.03044
0.04327
0.128
0.1329
0.1926
0.1451
0.234
0.1226
0.15
0.1847
0.3474
0.02617
0.08875
0.0671
0.3435
3.926
0.03082
0.063
0.2717
0.3406
0.1854
0.06714
0.05954
0.01273
0.0588
0.3284
4.61
0.02167
0.0381
0.1527
0.2261
0.3455
0.55
0.12415
0.0707
0.07605
1.895
5.055
2.422
0.00561
0.01453
0.4163
0.2208
10.766
0.1248
0.1348
0.0689
5.17
2.826
1.538
0.8184
0.0712
0.2179
0.71
0.9893
0.10254
0.0785
0.1829
0.1989
0.5757
0.4485
0.07947
0.05014
0.1117
0.10956
1.174
0.117
0.066
0.1809
0.144
0.4648
0.557
0.0176
0.05817
0.1663
0.01866
0.1313
0.1512
0.0584
0.3345
44.47
0.522
0.921
0.372
0.0947
0.207
0.06384
0.09863
0.2031
0.08453
0.801
3.062
0.554
1.303
4.074
0.02959
0.1555
0.05435
0.1049
0.0828
0.1921
0.07733
0.06073
0.2786
6.9
1.58
0.04346
0.1879
0.0508
0.3904
0.1238
0.1731
0.2344
0.06696
0.2961
0.0
0.01549
0.0292
0.0715
0.2166
0.051
0.04175
0.1372
0.1267
0.141
0.1512
0.01244
0.02963
0.04242
0.06354
0.1561
0.1328
0.2803
0.1658
0.007088
0.9565
0.7188
0.0367
0.9473
0.271
0.2678
0.2654
1.235
3.244
2.059
4.418
1.448
5.062
0.6973
1.224
0.8374
0.9844
0.4858
1.404
5.016
1.906
2.053
0.4958
0.5215
0.442
0.4697
0.201
0.8267
0.7764
0.1266
0.0
0.0
0.0
0.0
0.0
0.0
0.0
0.0
0.0
0.0
0.0
0.0
0.0
0.0
0.0
0.0
0.0
0.0
0.0
0.0
0.0
0.0
0.0
0.0
0.0
0.0
0.0
0.0
0.0
0.0
0.0
0.0
0.0
0.0698
0.164
0.1871
0.08167
0.1703
0.1553
0.1098
0.2297
0.335
0.2496
0.0804
0.01015
0.0868
0.09485
0.1208
0.08777
0.1561
0.1796
0.0909
0.2236
0.287
0.0975
0.07086
0.063
0.1217
0.1259
0.1863
0.02249
0.03925
0.2375
0.1407
0.158
0.04974
0.04575
0.04852
0.12335
1.384
5.023
1.53
0.01634
0.0929
0.1542
0.2637
0.2676
0.0658
0.08386
0.0922
1.466
3.756
2.277
0.01875
0.00484
0.204
0.2217
30.25
0.0781
0.1235
0.0978
16.12
2.08
2.07
0.133
0.11127
0.0567
1.753
17.8
0.1048
0.02301
0.10284
3.553
3.006
0.7295
0.1654
0.02148
0.02908
1.455
3.082
0.0513
0.03323
1.337
5.73
0.8877
2.088
0.05066
0.03748
0.04395
0.0635
0.2288
0.1047
0.0772
10.19
208.5
0.4785
2.416
1.332
0.05038
0.1589
0.9233
1.885
0.05374
0.0755
5.125
9.23
0.2139
0.868
6.723
0.02097
0.05353
0.0467
0.08813
0.1259
0.0901
0.02744
0.05515
0.664
4.586
1.772
0.0611
0.1976
0.0519
0.0314
0.2676
0.0917
0.2476
0.0307
0.7676
0.3535
0.2598
0.01322
0.03418
0.0739
0.02527
0.03812
0.05508
0.1364
0.08997
0.3313
0.1014
0.189
0.03008
0.02843
0.0648
0.06168
0.12195
0.1979
0.001391
0.01523
4.64
0.004276
2.352
0.2253
0.05505
0.08484
0.533
1.963
0.5435
2.633
1.105
2.385
1.216
2.467
0.4465
0.263
0.1493
0.1299
1.698
0.861
0.7446
0.1896
0.4333
0.541
0.5986
0.756
0.544
0.4412
0.1761
0.0
0.0
0.0
0.0
0.0
0.0
0.0
0.0
0.0
0.0
0.0
0.0
0.0
0.0
0.0
0.0
0.0
0.0
0.0
0.0
0.0
0.0
0.0
0.0
0.0
0.0
0.0
0.0
0.0
0.0
0.0
0.0
0.0
0.04053
0.2432
0.2036
0.103
0.267
0.1672
0.0575
0.2101
0.2191
0.1581
0.04208
0.0789
0.2133
0.05362
0.135
0.06793
0.09534
0.118
0.1842
0.11926
0.3315
0.1012
0.1863
0.0651
0.1669
0.0886
0.03268
0.01912
0.073
0.255
0.1278
0.2993
0.0837
0.209
0.2434
0.0868
2.951
5.297
30.89
0.03134
0.1537
0.127
0.178
0.1076
0.1125
0.1337
0.1152
0.3699
8.4
6.996
0.04874
0.03766
0.06305
0.2329
13.625
0.05756
0.2433
0.12115
18.02
5.652
2.021
2.875
0.1918
0.09625
0.11066
25.28
0.1686
0.0846
0.10376
32.72
7.863
3.45
23.31
0.05243
0.0576
6.164
4.633
0.1404
0.07666
0.548
20.52
0.6943
4.61
17.69
0.04047
0.0699
1.652
12.04
0.0983
0.10895
16.1
218.0
0.5083
2.27
21.77
0.02989
0.1831
2.912
29.08
0.076
0.05597
3.898
6.293
4.13
1.603
25.67
0.02171
0.05765
0.0213
0.1636
0.1094
0.0172
0.03845
0.9116
2.219
12.77
16.73
0.0816
0.1292
0.0304
1.125
0.2335
0.125
0.1964
0.03946
10.266
13.125
0.2393
0.03406
0.0853
0.04575
0.2073
0.202
0.1572
0.1364
0.1355
5.434
8.836
1.455
7.895
0.03546
0.0584
0.03775
0.08746
0.07086
0.0
0.004307
23.3
7.27
25.47
3.193
0.1377
0.04813
0.1047
1.587
0.3918
1.427
0.711
0.5312
1.532
1.397
0.339
0.226
0.1494
0.1498
3.725
1.431
5.33
1.004
3.068
4.58
2.586
1.68
3.38
1.476
1.142
3.654
9.29
9.375
1.539
16.25
6.203
5.062
5.176
6.117
2.223
2.66
3.398
3.984
19.14
2.0
9.0
17.64
7.95
4.23
6.855
3.31
2.32
2.31
2.736
9.99
1.417
5.953
4.363
4.92
4.93
5.84
1.929
0.0
