0.1853
9.1
2.549
2.691
0.775
0.4055
0.732
0.663
0.4255
0.5327
0.2444
1.253
4.086
2.488
1.312
1.404
1.165
0.5034
0.4585
9.27
1.741
6.87
1.13
1.432
2.148
1.109
2.367
2.86
0.5205
0.2842
0.0735
0.4192
0.2356
0.893
2.367
2.385
0.7754
0.697
12.83
2.773
0.9043
0.8384
1.255
0.527
1.953
1.699
2.793
3.723
2.975
0.2167
10.98
1.028
1.185
1.276
2.354
2.666
0.8735
2.656
0.5103
5.934
3.914
7.055
0.7744
1.578
1.579
1.136
1.121
0.8164
1.614
4.668
6.13
2.295
4.332
1.5205
0.1342
0.782
0.2279
0.567
3.92
4.12
7.78
5.875
5.934
20.31
0.894
1.843
0.904
3.943
2.516
2.477
1.41
4.887
2.133
3.281
3.098
4.47
1.05
3.902
0.399
1.219
3.812
0.393
5.465
2.453
4.945
2.252
2.012
0.5327
2.125
0.805
0.6157
0.5264
1.45
3.46
4.99
1.459
1.844
1.448
0.8833
1.8125
2.326
1.618
3.832
1.174
1.281
1.238
0.6567
2.479
3.658
1.728
0.7095
10.79
2.178
1.204
0.807
1.414
3.117
1.537
4.97
3.746
3.918
1.348
4.625
4.137
0.9736
4.4
1.341
5.066
3.387
6.7
9.07
0.5747
0.44
0.4104
1.742
2.041
2.57
1.111
4.066
4.61
3.139
40.03
8.26
0.856
2.496
0.833
1.26
5.16
5.348
3.117
1.487
2.148
3.688
3.25
1.231
2.504
0.474
1.335
2.938
1.213
2.756
0.853
0.8267
0.3992
7.695
0.7
0.5776
1.259
0.4175
7.53
1.097
0.4104
2.797
0.3284
2.686
5.574
3.676
0.9165
1.323
0.6753
0.5776
1.089
3.504
1.426
1.128
4.406
8.56
0.1277
0.0
2.254
13.16
1.6
1.463
0.7744
0.5366
1.911
2.287
0.6987
0.9355
0.8174
3.988
3.203
1.959
0.9937
1.778
1.015
0.8633
0.961
7.934
1.444
14.29
1.698
2.111
2.943
1.117
1.627
2.936
0.2908
0.973
0.427
0.728
0.2054
0.6978
2.86
1.457
1.54
2.469
15.94
1.08
1.371
1.862
1.909
1.194
1.082
0.907
1.209
3.969
2.924
1.063
1.299
0.8887
2.16
2.11
1.532
2.63
0.6284
1.524
0.825
3.223
4.312
1.945
0.839
2.06
2.428
1.136
0.986
0.613
2.494
3.65
4.766
1.516
2.02
2.293
0.2795
1.009
0.2122
0.826
3.074
3.002
5.164
3.104
5.715
6.227
1.268
0.838
3.533
3.059
2.867
3.605
1.471
2.176
5.07
2.969
3.76
3.309
1.851
1.991
0.9683
1.268
5.465
0.949
3.137
4.895
5.434
3.83
2.615
1.877
2.193
1.535
0.3123
0.994
0.3538
6.094
19.73
3.71
2.105
1.005
1.406
3.354
1.625
0.666
3.572
1.099
1.885
1.458
0.5234
3.875
1.9795
1.083
1.434
6.625
2.447
2.482
2.494
1.193
1.393
0.6665
4.586
2.592
5.027
2.016
3.918
1.536
1.316
3.102
1.631
0.882
1.038
4.043
4.324
0.88
0.5405
0.941
1.254
1.746
3.44
2.252
1.291
3.227
3.984
21.9
3.574
3.066
3.57
1.457
2.195
15.0
10.69
1.737
1.695
2.84
4.914
3.1
0.8633
3.1
0.667
1.827
2.764
1.713
0.886
1.119
1.648
0.7676
3.822
0.5776
0.9517
2.848
1.276
6.33
2.154
0.1335
4.773
0.6987
2.055
2.932
2.621
1.012
1.166
0.2183
0.4622
2.553
4.977
1.181
1.629
2.996
6.688
0.0246
0.0
15.78
19.4
1.456
1.334
0.622
0.867
2.213
2.46
1.988
2.514
1.626
6.992
10.9
1.853
1.5
1.023
0.842
0.754
1.781
5.758
1.394
12.766
2.488
2.334
3.068
1.761
0.3862
1.324
0.6367
2.068
0.878
1.136
0.957
1.347
0.7915
1.81
2.176
1.711
23.17
0.6484
1.526
2.148
3.79
2.332
0.7656
1.598
0.744
1.911
0.673
2.537
1.739
0.9077
3.428
2.666
3.303
0.894
1.397
1.462
1.961
3.297
8.87
4.297
2.95
7.008
4.184
1.349
0.607
2.318
2.91
1.996
2.832
2.299
4.094
2.203
0.624
2.889
0.6064
0.4507
2.701
2.713
1.875
4.375
5.594
2.824
1.941
1.826
7.383
3.207
1.177
2.273
1.524
0.9478
5.535
3.58
3.168
3.46
2.012
6.465
2.586
1.678
4.06
0.5176
2.691
3.77
1.093
2.713
6.348
3.104
2.547
1.995
0.456
1.125
1.029
6.703
15.91
3.582
3.162
1.382
0.931
1.67
0.4678
1.028
2.895
1.317
1.798
1.279
1.516
3.377
4.023
1.38
1.676
17.4
2.111
3.525
3.004
1.8545
0.6978
1.654
1.366
1.01
5.86
1.126
5.324
1.387
1.022
6.133
3.195
0.4624
0.728
1.078
0.952
0.783
0.8647
0.9033
1.42
1.241
6.215
2.793
2.225
6.074
2.902
6.926
2.928
1.1875
2.893
1.934
1.705
25.44
29.73
1.55
2.914
1.643
7.98
2.248
3.467
2.871
0.58
1.447
2.533
1.76
3.285
2.826
1.218
0.8022
2.088
0.9766
0.7593
2.652
2.016
7.047
2.803
1.461
11.84
0.8306
1.674
0.7847
2.117
1.182
0.7217
0.6543
1.53
2.693
4.23
1.791
1.69
4.51
1.476
0.8413
0.0
12.79
33.94
1.155
0.713
0.2101
1.129
3.014
2.701
1.551
2.588
1.3
4.727
9.94
0.98
2.008
1.473
0.9233
1.584
2.049
10.27
2.166
10.7
3.635
1.025
2.168
2.756
0.649
1.229
1.179
1.531
1.668
1.58
1.562
1.104
0.885
1.078
2.13
0.4143
20.86
0.559
0.9634
1.608
2.021
0.7983
0.6025
2.85
1.81
2.215
0.5044
3.895
1.524
1.847
0.986
2.074
2.066
0.9487
1.543
2.32
1.741
3.07
17.89
2.475
3.428
6.96
4.906
2.12
1.581
2.84
2.164
4.707
3.46
3.074
4.08
1.822
1.8545
2.639
2.44
0.66
1.587
1.597
0.886
1.784
4.934
0.8877
2.0
0.9634
8.195
1.015
1.452
1.411
0.514
1.434
7.44
2.02
0.3186
4.29
2.562
4.926
1.723
0.7095
4.547
0.836
3.082
3.883
1.258
3.555
10.06
2.871
7.53
3.025
0.1989
2.7
0.7266
1.614
7.17
2.537
4.094
1.993
1.262
1.374
0.8296
1.03
0.76
2.299
1.22
1.468
0.5923
0.769
2.92
1.49
1.452
23.12
1.944
2.035
4.125
2.908
1.36
1.851
1.619
0.672
4.277
0.6826
6.625
2.166
0.3994
4.83
2.486
0.7915
0.9834
0.4841
0.971
1.126
0.7793
1.293
0.605
1.847
5.266
3.086
1.394
2.494
1.524
4.484
2.375
1.964
1.76
1.347
1.339
17.94
13.26
1.218
1.7705
3.455
9.76
1.803
6.508
3.654
1.235
0.615
3.924
2.861
3.555
3.006
2.688
2.3
2.588
1.552
0.826
2.416
1.343
4.668
1.719
2.643
5.105
2.246
1.016
0.4841
1.987
1.102
1.025
1.599
3.336
1.316
2.611
2.045
1.72
5.395
3.465
4.62
0.0
9.664
20.03
1.411
1.269
0.3733
0.9043
3.094
0.646
1.402
1.268
1.813
3.682
8.18
2.773
1.515
1.428
0.552
0.788
3.0
6.23
1.993
11.73
3.24
2.545
1.059
1.768
2.498
1.574
0.684
1.079
1.247
1.722
1.208
1.991
0.911
0.8857
2.088
0.333
22.23
0.2896
1.094
2.49
4.254
0.58
0.692
1.894
1.572
4.355
1.03
3.7
3.545
1.426
0.5635
1.0625
1.056
1.904
2.104
1.79
3.717
2.725
22.22
1.103
1.43
3.531
3.225
2.098
1.73
1.921
2.783
8.99
3.617
5.1
0.955
1.896
4.84
1.876
2.783
1.343
2.387
0.9346
1.195
0.786
1.369
0.1595
2.184
0.3694
8.39
4.027
2.762
2.305
0.2751
0.836
6.953
0.755
0.4543
4.14
2.72
0.874
1.98
1.091
1.219
0.8823
1.747
3.62
1.441
10.05
5.324
2.09
5.004
4.1
0.5977
2.686
2.424
1.189
6.938
1.844
3.016
1.699
1.328
2.043
2.148
0.576
1.537
3.508
0.5967
1.402
1.251
0.6543
1.623
1.666
1.347
17.88
0.2632
1.146
2.773
2.273
0.949
1.559
1.696
0.3555
1.901
0.3853
5.74
1.284
0.2964
2.566
1.131
0.2996
4.582
0.3586
0.2878
1.52
2.053
1.255
0.5083
0.749
2.736
3.418
1.043
1.466
1.235
6.945
1.578
2.174
1.852
1.937
1.794
10.02
5.895
0.924
1.28
4.242
8.7
0.6914
4.63
1.722
2.111
1.218
2.15
4.19
4.613
1.832
3.691
2.258
1.269
2.21
0.695
4.47
1.786
6.875
0.2184
2.768
5.73
2.545
0.864
0.52
6.26
1.823
0.9683
1.09
1.779
1.515
6.91
1.377
2.23
1.813
4.13
10.06
0.0
2.197
6.66
1.343
1.115
0.6543
0.959
1.786
0.06433
1.219
0.5684
0.8887
0.06287
2.379
2.53
1.325
1.273
1.013
0.3682
2.383
4.08
1.122
8.19
3.09
2.074
1.439
2.48
1.829
0.9277
2.098
1.491
1.255
0.6035
0.534
1.176
1.887
0.07654
2.033
0.87
33.6
1.83
1.051
1.327
3.8
1.384
0.616
2.162
1.757
2.615
4.344
3.094
1.893
2.451
1.581
1.487
1.406
2.637
1.849
1.622
3.076
2.14
28.42
1.885
1.362
1.962
2.53
1.911
0.9653
2.268
2.744
4.812
1.831
4.312
1.0205
3.14
3.34
0.671
1.128
2.215
0.9087
0.8496
1.413
2.682
2.574
0.275
2.285
0.1757
2.762
10.73
3.15
2.812
1.67
1.187
4.645
0.6025
1.282
2.496
2.947
4.13
2.734
1.782
0.5303
3.113
1.766
3.357
2.328
1.902
1.636
1.54
2.074
1.714
1.748
1.521
3.744
0.845
8.46
2.273
2.73
1.255
0.9414
6.723
1.507
0.5405
1.255
3.053
0.4092
1.22
0.778
0.5664
1.146
2.588
0.4941
9.516
0.862
1.175
2.744
1.441
0.7046
0.98
1.662
0.3752
1.744
0.1929
3.43
1.3545
0.2355
5.312
2.92
0.1669
3.273
0.5347
0.5938
0.8564
2.156
1.681
0.3796
1.623
5.1
3.385
1.586
1.924
1.924
4.75
0.671
2.635
1.342
2.203
0.5005
4.812
11.734
2.078
1.69
1.694
3.252
1.032
2.225
0.8315
1.177
0.961
2.887
2.693
3.512
1.725
1.923
1.491
0.5947
1.785
1.038
5.77
2.229
5.234
0.5723
2.775
13.6
4.227
1.163
1.151
7.887
4.164
1.625
1.56
1.765
1.287
5.4
2.146
2.244
1.276
2.172
3.562
0.0
0.5415
2.863
1.417
1.659
1.226
0.4192
0.62
0.2178
0.373
0.4368
0.2756
0.3162
2.816
1.621
0.378
0.4558
0.729
0.7983
2.139
1.796
0.945
9.97
2.324
1.422
2.111
2.383
0.777
0.452
3.178
0.7134
0.97
0.3792
0.3481
0.779
1.939
0.3247
2.793
2.78
25.52
3.44
1.86
1.114
2.68
1.151
0.947
1.216
1.576
0.896
3.65
0.8633
1.243
1.157
1.582
1.159
1.809
1.549
1.317
0.903
1.564
1.329
7.043
0.9
1.119
2.492
0.6113
1.834
1.596
1.806
3.693
2.113
4.42
6.883
0.9443
1.616
3.97
0.8022
1.165
2.4
1.802
0.992
5.863
2.43
2.135
0.3606
1.553
0.6367
2.291
7.27
2.459
4.59
4.797
1.614
6.51
2.3
1.364
3.02
2.354
2.965
1.528
2.426
0.277
3.756
1.6455
4.47
2.238
1.464
2.016
1.581
1.141
0.678
1.81
1.087
2.682
1.025
4.87
3.045
2.383
3.428
1.174
2.71
1.66
0.5156
0.5576
1.922
0.1843
1.576
1.414
2.77
1.084
5.5
0.337
8.0
1.621
1.615
0.9736
1.523
0.692
0.6343
0.644
0.692
1.6
0.607
4.39
1.061
1.2295
4.38
1.116
0.44
1.1045
2.84
0.83
0.7705
1.915
0.9316
0.2267
1.47
7.562
2.598
1.755
2.584
1.957
9.84
0.4783
2.48
3.273
1.794
0.2241
4.49
8.63
2.465
1.223
2.004
6.258
1.569
2.107
0.411
2.16
1.375
2.523
1.595
2.33
0.6626
1.284
0.887
0.523
0.6807
1.377
1.466
1.272
2.873
0.5176
1.598
20.97
1.617
0.9766
1.966
4.29
3.932
2.33
2.58
1.491
0.459
4.684
2.105
2.686
1.672
0.2961
1.04
0.0
0.596
6.418
1.371
0.9
0.9297
0.39
0.4128
0.4988
0.4148
0.384
0.2496
0.4985
3.986
0.77
0.723
0.775
1.36
1.395
2.615
3.389
1.831
17.36
1.701
0.4312
1.307
1.639
0.6006
1.398
2.277
0.934
0.2166
0.477
0.6514
0.5786
2.393
1.455
0.4304
4.047
18.28
3.223
1.184
1.183
2.482
1.3
1.264
1.954
0.871
0.406
5.15
0.2468
3.396
0.9937
1.563
1.052
1.431
2.004
0.7573
1.384
0.651
0.814
6.63
6.617
2.334
2.44
0.711
0.97
2.055
1.302
1.764
3.705
4.188
6.504
0.6133
1.523
1.859
0.3918
0.6416
1.527
1.462
1.372
12.266
6.66
4.28
2.14
0.806
1.718
1.753
4.33
2.723
6.97
4.168
1.801
3.389
3.523
4.39
3.129
1.3125
2.729
0.7417
2.508
0.6533
1.461
1.47
1.034
1.531
0.858
5.55
0.881
1.253
0.468
1.48
0.687
1.964
1.202
5.617
7.336
2.127
1.774
1.316
3.035
1.143
1.224
1.255
1.06
0.2983
1.045
1.72
6.14
0.9487
4.438
1.285
10.43
1.645
2.195
0.5415
1.264
0.6064
0.789
4.027
0.966
1.917
0.887
1.406
0.756
1.925
3.152
0.4165
1.298
1.827
5.625
1.566
0.5337
1.09
0.2305
1.276
2.285
4.94
1.574
1.23
5.54
4.113
3.643
1.122
2.166
3.83
0.711
0.4453
15.164
6.81
2.434
1.411
1.248
3.367
1.215
0.6187
0.4104
0.822
0.9473
2.312
1.113
2.643
0.2021
2.326
0.914
1.297
0.4521
1.152
1.129
0.7715
2.607
0.5493
0.8755
14.44
1.362
0.7075
3.23
3.418
0.702
1.442
1.3955
1.493
0.647
5.363
1.788
2.09
2.943
1.639
0.2898
0.0
0.28
7.246
1.792
1.967
0.4836
0.3948
0.2076
0.848
0.2722
0.605
0.1708
1.706
3.752
2.168
1.133
2.139
1.388
0.5293
0.971
2.53
1.987
9.02
1.083
0.625
0.808
2.494
1.609
2.027
1.221
0.2168
0.02142
0.661
0.7725
1.296
1.728
1.757
0.3486
1.391
9.6
2.1
1.128
1.229
0.847
1.131
1.474
1.66
1.93
0.677
5.062
0.2417
6.754
0.562
1.075
1.449
2.143
3.09
0.5137
1.734
1.548
1.587
3.701
7.855
1.701
3.668
2.057
1.865
1.322
0.518
3.64
3.1
3.703
4.22
2.22
1.113
0.7744
1.343
0.3445
1.748
2.197
2.768
16.34
9.97
4.938
6.086
0.4712
0.7876
0.928
2.562
1.118
3.805
3.246
2.543
1.865
6.574
5.637
2.867
1.623
4.305
0.2109
1.982
1.3125
1.214
3.438
0.5054
1.07
2.242
5.3
1.219
0.8267
1.455
1.119
0.4307
0.476
1.992
9.164
1.998
1.948
1.109
0.7563
3.727
1.681
1.569
2.283
1.408
0.615
1.537
0.7285
5.69
1.799
3.436
0.6377
8.586
1.705
2.523
0.914
2.016
2.158
2.84
10.11
1.862
2.568
1.237
2.322
2.057
2.248
2.115
1.1875
3.48
4.824
13.266
5.645
0.5405
0.476
0.567
1.075
4.66
4.586
0.8633
3.334
6.29
3.154
13.52
3.756
1.479
1.647
0.465
1.012
16.16
3.346
2.467
0.9863
0.685
3.926
1.782
1.093
1.17
0.1677
1.56
3.846
1.484
3.85
0.4192
1.2
0.4417
3.174
0.666
0.4355
1.231
0.6763
4.242
0.8154
0.35
3.217
0.902
2.18
3.63
4.848
0.8154
1.298
0.4968
0.4783
0.776
2.412
1.808
1.425
5.78
2.266
0.2698
0.0
1.489
14.19
4.19
2.145
0.924
1.255
0.7026
0.4714
1.587
2.082
0.4575
0.7744
2.412
1.599
1.022
3.596
2.793
0.495
0.2827
0.4922
0.5996
3.613
0.9336
1.537
3.549
0.743
0.5557
1.55
2.457
1.204
0.5835
0.4688
0.5845
2.67
1.472
2.8
1.958
2.229
2.225
10.35
0.8643
1.359
3.38
1.96
1.232
1.133
2.09
0.941
7.723
0.8364
4.555
0.812
1.101
0.87
1.273
2.002
0.79
0.7036
2.951
7.18
5.777
7.184
1.207
0.2241
1.105
0.2517
0.771
4.027
9.93
6.465
4.574
4.867
6.105
0.8203
2.346
0.3848
1.192
1.51
1.919
1.674
11.37
3.13
7.406
6.09
2.488
0.504
3.543
1.143
1.48
5.516
0.407
4.645
1.883
4.336
2.553
2.24
0.764
2.883
0.637
0.8296
0.6196
0.618
3.262
2.162
0.947
2.799
4.297
1.138
1.0625
3.328
1.623
2.9
1.501
1.457
3.045
0.999
1.438
2.33
0.589
2.04
1.004
1.791
1.094
0.8813
0.6025
3.191
1.587
6.19
5.703
4.336
1.61
11.86
2.832
1.297
3.049
3.502
5.355
2.129
5.594
7.168
1.73
0.5405
1.753
2.742
1.018
1.636
1.016
3.512
4.98
5.29
10.75
4.574
0.5464
1.307
0.719
2.691
3.305
1.513
2.766
1.819
1.906
4.35
5.85
0.987
3.832
0.4707
1.425
5.887
3.96
2.059
1.059
0.869
1.524
4.066
1.136
0.7764
0.7065
0.372
3.799
1.27
0.6533
0.4644
0.3284
2.684
9.03
1.232
0.804
1.676
0.4392
2.19
0.779
1.067
5.945
1.097
3.613
8.36
0.4133
1.318
0.10254
1.169
2.291
1.348
17.38
2.324
0.6836
0.5557
2.451
3.928
0.0
4.742
11.12
3.299
1.625
1.17
1.093
1.205
0.988
1.357
1.727
0.951
1.164
3.557
2.19
1.03
2.473
2.867
0.2766
0.968
2.861
1.042
3.15
0.7295
1.856
2.168
1.476
1.97
1.925
0.957
1.825
1.296
0.7134
1.325
1.4795
0.786
1.213
2.088
2.19
10.92
1.225
0.747
2.479
5.586
1.276
1.216
0.8154
1.199
1.521
4.195
0.922
1.256
0.88
1.437
1.338
1.273
1.759
0.593
1.087
2.309
5.582
3.814
3.348
1.82
0.4673
1.426
0.2344
1.123
3.158
7.23
4.293
2.418
4.688
1.872
1.163
1.066
1.504
0.925
1.722
2.793
1.747
5.062
7.445
6.703
7.395
1.842
0.8877
1.808
2.773
1.541
7.906
0.9834
2.666
3.754
4.76
4.34
2.912
2.691
2.977
1.215
0.4211
1.17
0.1506
5.742
8.555
2.408
3.195
2.982
1.811
1.967
2.324
0.668
2.705
1.405
2.143
3.586
0.796
2.25
1.261
0.3691
4.12
0.616
2.012
2.256
2.723
0.509
1.426
0.688
5.715
3.947
5.562
2.406
10.055
1.052
1.754
2.148
4.258
0.932
0.653
3.373
3.418
2.648
0.664
4.02
1.973
0.8706
2.188
2.06
1.115
3.486
6.71
5.883
1.98
1.957
1.869
1.258
4.688
9.61
3.023
1.541
2.074
2.521
5.797
5.582
0.692
4.746
0.662
1.95
5.54
5.594
0.662
1.39
1.732
2.93
2.02
0.938
1.28
1.598
1.138
3.193
2.494
0.2126
0.7925
0.6987
2.053
4.746
0.879
0.888
1.477
0.142
1.752
1.826
1.516
4.92
1.583
2.457
6.53
0.07965
0.5044
0.726
1.203
1.095
2.928
8.74
1.642
0.9707
1.611
3.156
2.002
0.0
8.31
37.8
3.12
2.451
0.6733
0.9067
1.053
1.831
0.985
1.666
0.85
1.706
3.934
2.281
1.623
0.587
1.293
0.606
2.059
5.883
1.625
14.67
1.407
0.514
2.691
2.084
1.365
2.799
0.574
2.031
1.495
1.415
2.586
1.047
1.384
0.7466
1.006
0.504
26.05
1.641
0.763
3.932
7.06
2.752
0.4133
1.8125
1.15
3.615
4.29
1.8955
2.775
3.092
4.887
2.305
1.512
1.083
2.242
1.268
1.263
3.318
5.785
6.793
1.749
1.043
4.082
0.67
0.6123
2.773
6.535
1.558
3.408
4.59
0.8486
1.78
2.324
3.143
0.969
0.7065
1.762
1.81
2.203
8.125
8.086
6.227
1.927
0.9653
5.867
7.406
2.04
5.87
0.536
2.287
2.893
0.9575
3.076
7.066
4.453
3.457
1.578
0.6147
1.324
0.4387
6.316
6.895
2.324
4.8
4.1
1.199
0.979
0.669
1.031
2.191
1.686
2.043
3.146
2.305
1.96
2.564
0.4705
4.816
1.618
1.736
3.205
3.281
0.79
0.715
1.708
1.702
1.538
6.484
1.346
13.664
0.9487
1.361
4.25
8.34
0.4888
0.4578
0.8994
0.753
2.36
1.0625
3.857
2.236
0.619
3.955
2.553
1.921
6.566
4.89
1.86
1.623
0.758
1.515
1.67
3.64
16.28
8.414
1.375
3.564
1.458
9.414
4.05
2.78
4.395
0.576
1.545
5.08
5.746
2.455
3.512
1.28
3.064
1.103
1.585
1.0205
1.488
1.797
3.555
3.246
2.324
1.967
0.8306
1.673
1.2705
0.71
1.037
0.914
0.4255
5.8
1.926
1.288
7.47
1.643
3.7
1.441
2.723
0.719
1.786
0.8174
0.5063
1.305
1.472
1.578
1.068
1.67
2.84
1.858
0.0
5.617
34.5
1.65
3.283
0.9688
0.9946
2.21
2.105
1.758
2.59
0.7124
2.492
1.728
1.613
2.541
0.9854
1.199
1.122
1.522
11.17
2.262
23.94
1.153
0.574
1.6045
2.041
0.3303
2.52
0.4956
1.282
1.119
0.755
0.8853
0.823
2.469
1.815
1.165
0.378
39.97
1.4375
1.552
1.132
5.492
1.722
0.4385
2.002
1.826
3.21
3.996
3.824
1.598
3.596
4.855
2.703
2.375
2.822
2.748
0.9434
2.979
4.055
7.74
6.76
1.447
3.1
3.73
2.695
0.8975
1.63
3.846
0.737
1.39
4.047
0.2668
1.834
1.227
3.486
0.3066
0.8716
1.094
0.611
3.334
10.92
4.56
0.626
2.387
1.2295
4.47
4.934
0.8623
6.58
0.8657
2.62
2.98
1.103
4.03
11.2
4.12
10.22
2.393
0.268
3.176
0.3096
1.521
3.11
1.646
6.215
5.914
1.625
0.8057
1.187
1.033
0.575
2.94
1.386
3.61
0.901
0.4463
1.859
0.508
4.176
2.15
1.599
1.851
4.508
1.239
1.394
1.91
2.018
1.022
4.734
0.8154
17.0
1.482
0.5317
3.344
6.49
0.8364
0.6187
0.404
0.7676
3.39
0.957
5.52
0.952
0.9204
3.35
2.822
1.204
2.695
2.568
1.204
1.315
1.254
0.922
1.163
2.86
11.484
3.752
1.081
2.166
3.066
11.516
3.246
5.215
5.594
1.227
0.6567
7.863
9.34
2.654
3.732
2.824
8.79
1.366
2.52
1.111
1.355
1.197
2.354
1.99
4.207
0.8477
2.246
1.015
0.784
0.6665
0.967
1.299
1.04
12.65
0.9414
0.795
8.52
1.671
4.42
3.385
14.96
1.313
1.99
1.643
1.768
0.9517
1.534
1.894
2.246
1.149
0.815
1.1455
0.0
4.38
28.4
4.668
2.477
0.9395
0.5947
1.101
3.084
1.065
2.383
0.7803
2.22
4.29
0.7876
1.63
3.795
1.537
0.651
1.073
8.35
2.465
18.53
2.082
0.5913
1.317
2.002
0.2656
2.686
0.2566
1.456
1.732
1.589
0.6436
0.946
1.641
1.577
2.291
0.7715
37.97
3.342
1.198
0.6465
2.814
0.8794
0.8804
2.729
1.408
6.855
3.547
4.75
0.712
1.499
2.463
1.776
2.35
3.088
1.858
1.213
5.684
4.24
12.84
1.584
1.507
8.09
2.652
3.074
1.825
2.451
2.252
0.9937
0.6123
1.123
0.04797
2.004
0.4702
3.572
1.218
1.659
1.786
0.3267
1.943
10.21
1.704
0.893
2.305
1.306
0.7935
5.67
1.325
1.763
0.9136
1.485
2.777
1.264
11.39
5.93
2.998
6.793
3.246
0.8057
3.162
1.033
1.121
3.008
1.196
4.58
5.043
1.71
1.198
3.072
0.578
1.163
4.49
0.678
3.447
1.902
0.3796
1.033
0.568
3.87
1.663
0.2163
1.042
3.03
0.9683
0.972
1.608
2.115
0.5415
2.104
0.4602
14.72
0.879
0.3948
1.778
2.953
0.3167
2.88
0.2993
0.2275
4.58
2.523
5.36
0.8003
0.3733
1.741
3.127
0.901
1.585
2.082
1.865
0.8745
1.387
0.969
1.673
3.832
6.418
1.668
0.82
1.567
3.764
10.27
1.245
3.71
2.635
2.096
1.3
4.312
13.69
3.447
2.275
3.88
8.625
0.67
3.588
0.9346
2.508
1.592
3.467
0.2527
4.406
0.951
2.545
0.8633
0.842
2.1
1.6
1.227
0.7095
6.746
1.083
2.104
5.74
2.168
1.487
4.03
32.56
4.625
2.941
1.028
1.747
2.822
0.692
1.716
1.604
2.156
0.722
2.152
0.0
0.07477
8.26
4.258
2.168
0.838
1.091
0.5137
2.45
0.6973
1.341
0.545
2.12
3.496
1.071
2.285
2.78
0.906
1.995
1.482
8.41
0.864
8.195
1.2295
1.226
0.1139
1.947
0.6943
4.06
1.621
1.398
0.9233
1.419
1.534
0.8423
1.873
1.762
1.375
3.254
31.77
1.785
2.06
1.814
3.94
1.171
1.22
2.398
1.276
5.676
2.787
6.074
1.218
1.429
1.368
1.394
2.143
1.723
2.193
1.196
3.045
2.145
10.86
1.693
2.494
5.582
0.948
1.246
3.01
0.9336
2.047
1.174
2.09
2.111
0.08264
2.096
0.2236
1.175
3.244
1.893
2.18
1.983
2.76
6.82
1.36
2.52
1.39
1.414
3.748
7.83
2.166
0.7676
3.225
1.5
2.576
2.041
2.156
1.821
2.209
2.814
1.355
2.357
1.792
1.595
0.797
3.67
1.476
4.145
3.723
1.213
3.941
2.154
0.542
0.9497
3.904
0.465
3.0
1.184
0.3289
0.73
0.8823
1.42
0.8853
0.7085
1.067
2.998
0.6143
0.7217
1.012
2.07
0.572
1.931
0.2305
8.8
0.9272
0.3135
3.682
7.62
0.1763
2.059
0.4463
0.4692
2.578
2.65
7.176
0.5977
0.809
3.244
3.094
1.37
2.078
3.24
1.276
0.3718
1.681
0.7026
1.901
1.068
3.082
3.318
1.844
2.068
1.504
3.838
1.859
1.783
1.272
1.169
1.026
5.785
8.79
2.623
2.143
2.021
5.695
0.3142
2.898
1.396
3.238
1.985
2.64
0.6626
4.418
2.258
4.227
1.162
1.864
2.645
3.656
2.059
1.015
6.688
0.9204
1.645
8.95
2.182
1.047
2.121
11.54
2.658
1.959
1.118
0.821
1.012
1.323
0.694
1.31
0.9844
0.5635
0.3533
0.0
0.376
9.77
2.73
0.6177
0.2998
0.785
1.114
2.2
0.3071
1.129
0.6636
1.594
2.395
1.57
2.197
1.181
0.4412
3.023
0.7095
6.5
0.5425
5.336
0.814
1.26
0.4832
2.676
2.217
3.082
3.047
2.477
0.7754
1.001
1.277
1.294
1.054
1.581
0.4714
2.734
8.86
1.172
0.972
1.815
3.07
1.507
0.716
1.709
0.7104
2.885
1.7295
1.505
0.581
1.173
1.738
0.337
2.057
2.848
1.747
1.609
1.336
5.18
17.33
1.566
1.284
6.637
1.134
1.287
3.262
1.851
2.39
4.87
1.894
1.751
0.10834
1.424
0.811
0.975
2.197
1.477
3.555
5.695
3.754
9.56
5.195
2.684
1.681
1.129
2.69
4.38
2.947
0.401
3.89
1.398
3.43
1.963
1.658
2.244
2.268
1.548
0.5366
2.44
1.279
1.143
0.9663
2.113
1.977
3.617
10.17
1.512
1.59
2.373
0.517
0.4224
2.459
0.2095
3.875
2.15
1.607
0.6904
1.875
0.9688
0.744
1.333
1.469
1.063
0.649
0.7085
0.6543
0.8027
1.054
1.7705
0.725
11.266
0.7256
1.638
3.035
2.914
0.4648
0.695
2.37
0.6562
2.32
2.354
3.979
0.357
0.7324
4.81
2.377
1.516
2.793
3.297
2.645
0.2651
1.584
1.714
1.549
0.4788
2.873
2.441
2.188
1.496
1.778
7.383
2.824
1.688
0.629
2.145
1.468
5.06
5.207
1.74
0.8228
1.351
3.389
0.2761
1.1045
1.852
0.8228
1.134
1.449
0.5996
2.543
3.482
1.617
0.976
3.184
1.438
3.451
2.951
1.679
5.652
0.3284
1.427
8.77
2.61
1.371
0.2893
3.367
0.5933
1.22
2.027
1.186
1.227
0.8823
1.401
3.129
0.6157
0.711
1.116
0.0
0.593
13.836
1.297
1.182
0.51
1.465
1.946
2.69
0.5796
2.188
1.155
1.166
0.726
0.972
1.511
0.9126
1.365
2.166
0.9287
1.451
0.683
9.984
0.605
1.554
2.164
0.4124
3.227
2.207
2.855
1.576
0.8228
0.9272
1.441
1.728
1.693
0.8735
0.2135
3.857
2.533
3.203
0.835
1.794
2.785
1.192
0.9263
0.9824
1.089
1.2
1.06
1.417
4.27
2.447
1.701
0.3916
1.088
3.668
1.259
0.7686
2.344
4.902
16.38
1.018
1.21
3.11
0.5537
0.709
2.076
1.501
3.305
10.195
5.188
3.51
0.6436
0.7393
2.188
0.746
1.309
1.635
5.402
4.95
4.188
4.977
7.953
8.63
1.742
0.6294
2.477
2.123
3.049
0.945
1.513
1.249
0.793
1.342
0.9727
6.18
1.264
1.7
0.37
1.996
0.8086
0.837
1.134
2.436
4.76
3.229
5.266
1.695
1.78
1.634
1.228
0.9497
1.355
0.339
2.57
2.615
3.562
0.6045
1.513
3.693
0.9697
1.352
1.996
0.5913
0.5386
0.621
0.8145
5.02
1.471
2.121
1.06
3.61
0.517
2.562
2.184
1.087
1.372
1.149
4.695
1.238
1.607
1.338
0.984
2.01
1.14
3.145
1.439
1.063
5.99
6.934
0.9785
0.622
1.383
2.006
0.6143
0.951
9.71
1.926
2.158
1.727
1.108
3.973
2.188
0.4956
0.628
0.8154
1.011
4.637
3.637
1.975
0.251
2.445
3.49
0.6846
0.734
1.55
0.634
0.6875
1.315
0.636
1.394
2.396
1.362
0.707
5.234
1.146
0.616
1.827
0.908
5.66
0.4626
1.633
7.453
2.031
2.414
1.601
0.9385
1.522
0.1351
2.355
0.7705
7.055
5.402
2.408
1.638
1.28
1.13
1.077
0.0
2.03
13.02
3.652
1.852
1.406
1.494
0.739
0.9985
0.4326
2.375
0.6006
0.7427
1.053
0.601
2.299
2.445
1.98
1.161
0.2156
0.1434
0.946
11.84
1.3545
1.122
2.613
0.334
1.109
1.159
1.86
1.502
0.855
0.3164
1.254
2.014
1.438
1.936
0.356
3.791
2.48
6.37
0.4722
1.234
3.838
1.785
1.429
0.6665
1.364
2.855
2.064
0.791
5.074
1.783
2.559
1.133
2.09
2.36
0.501
1.587
1.961
4.336
10.62
3.684
0.884
1.294
1.898
0.3804
2.375
2.258
6.668
13.58
7.77
4.05
1.829
0.4321
1.003
0.395
0.775
0.6714
2.95
3.855
5.914
2.738
14.84
11.08
1.596
0.779
3.906
0.604
2.408
1.898
1.257
2.922
0.3877
0.938
2.543
5.902
1.748
1.122
1.151
1.508
0.507
0.2028
1.878
3.973
1.297
2.959
3.293
0.974
2.186
2.404
1.574
1.7295
1.802
0.699
3.781
1.108
3.303
1.1455
1.171
1.832
0.799
1.401
2.293
0.998
0.859
2.21
2.932
12.6
2.836
2.842
1.479
5.957
1.408
2.994
1.465
3.1
3.678
3.033
11.07
4.46
1.628
0.585
2.422
1.691
2.322
2.918
0.7896
2.879
6.797
5.312
3.63
2.082
0.944
0.863
0.4016
2.162
10.34
0.947
2.188
1.207
0.6084
4.633
3.209
0.8755
1.791
0.1665
1.665
7.707
4.848
2.875
0.5205
1.262
1.687
1.677
1.081
0.5854
0.691
0.6025
2.14
0.944
0.557
0.534
0.902
2.18
5.883
1.625
0.716
1.645
0.3232
1.8125
0.555
0.735
7.535
1.385
4.742
2.213
0.873
1.006
0.3887
1.284
0.7183
2.504
14.414
1.518
0.699
0.8096
1.54
1.821
0.0
1.962
8.23
2.918
1.267
0.319
0.7104
0.57
0.4802
0.4473
0.3318
0.3384
2.572
3.898
1.381
0.9233
1.502
0.6333
0.29
1.742
10.22
0.5195
11.53
2.217
1.486
1.447
2.564
2.37
0.6377
0.188
0.09296
0.5254
0.1908
0.6484
2.275
3.781
0.6514
0.6284
1.609
24.94
0.8984
0.554
0.844
1.268
0.282
1.035
5.125
1.641
3.82
0.3726
9.07
0.91
1.069
1.981
1.78
3.506
1.493
2.955
0.527
5.38
1.1045
17.61
1.114
0.9478
1.937
1.749
0.2374
0.757
0.809
6.996
10.29
1.393
7.12
1.047
0.1696
0.811
0.2742
0.3804
2.746
4.844
4.023
9.24
3.791
12.24
1.878
3.234
0.3132
3.371
4.715
2.238
2.54
4.953
2.117
3.223
1.625
2.658
1.588
2.559
1.076
2.127
4.1
0.507
4.543
2.201
5.55
1.527
1.176
1.039
1.317
1.267
2.434
0.4946
0.677
6.367
2.059
2.451
2.926
1.653
0.7476
0.5117
8.92
1.429
2.719
0.9253
2.094
1.105
0.6826
1.501
4.582
0.782
1.689
1.339
15.35
0.944
0.7646
0.9014
6.688
1.61
3.633
5.734
1.29
3.463
1.232
3.107
1.485
2.168
3.22
4.402
2.11
6.504
13.15
0.72
0.461
0.3801
0.974
0.9863
1.617
3.834
3.336
3.594
4.75
9.26
21.36
1.033
1.897
0.933
1.506
0.9736
8.16
8.02
1.6
2.357
1.133
12.836
0.661
3.635
3.645
1.715
1.04
3.014
1.622
1.524
0.7676
0.4456
4.203
1.155
0.695
0.4314
0.8516
1.51
6.254
0.332
0.5215
1.837
2.996
4.934
1.256
2.885
1.085
0.7075
0.675
1.171
1.208
3.64
1.472
4.15
9.02
0.1447
1.282
0.0
2.838
5.168
1.586
1.266
0.4224
1.855
1.966
0.7886
0.7856
1.109
0.5923
2.016
3.068
1.046
1.169
1.308
1.086
0.608
1.49
8.48
1.08
11.32
3.266
2.037
1.458
1.763
2.432
0.3564
0.6436
0.54
0.912
0.1664
1.022
2.748
2.309
1.294
2.227
1.999
9.71
1.362
1.231
1.284
2.873
0.212
0.5527
2.219
1.749
3.754
1.828
1.073
0.787
1.951
3.273
1.159
2.627
1.074
1.695
0.8525
2.922
1.218
4.855
1.206
1.237
2.977
1.749
0.072
0.568
1.25
5.473
8.0
0.9194
3.318
1.578
0.3535
1.046
0.2551
0.8467
2.152
3.527
2.672
4.883
3.652
3.752
2.664
1.471
1.225
2.615
4.555
3.258
2.648
2.205
5.04
2.916
1.974
1.968
2.799
1.306
2.611
1.623
5.88
1.224
2.607
4.39
6.098
2.598
1.527
3.658
1.36
2.414
1.85
0.934
0.165
11.2
8.14
6.234
3.342
1.147
1.189
0.947
6.23
0.6665
2.533
0.866
3.08
1.302
0.544
2.348
2.48
0.4905
3.412
0.8223
13.625
1.946
2.363
0.7607
2.986
0.6978
3.354
3.969
1.654
5.176
1.044
3.129
2.01
1.529
3.916
0.766
0.6465
3.922
6.27
1.104
0.567
0.8716
0.908
0.8438
2.162
7.773
1.06
2.516
6.027
5.062
9.24
3.701
2.713
0.7676
2.623
2.83
16.3
4.47
1.823
3.115
1.51
12.24
0.4636
4.5
0.658
2.348
0.9785
4.254
0.522
2.002
1.531
0.8564
2.088
0.9536
1.145
0.947
2.605
1.269
12.29
0.1081
0.89
3.908
2.291
2.594
0.8955
3.186
0.984
0.2286
0.5396
2.746
1.716
3.016
2.125
2.822
7.047
0.02785
0.4902
0.0
4.184
4.703
1.446
1.017
0.6826
2.148
2.115
2.244
2.11
2.207
0.587
6.86
2.902
1.579
0.673
1.085
0.948
1.127
1.081
8.17
0.9653
6.746
3.613
2.121
2.297
0.4185
1.097
0.781
1.368
1.111
1.423
0.7754
0.702
0.7607
2.867
1.828
1.544
2.906
5.83
1.517
1.421
2.549
5.61
3.582
0.973
1.365
0.8423
0.8643
4.36
1.4375
0.8037
3.094
4.137
2.498
4.973
2.389
1.626
2.025
2.988
2.502
10.73
4.24
4.21
5.13
2.076
0.7466
2.148
1.458
2.992
4.754
1.395
6.734
1.517
0.789
2.996
0.7295
0.547
1.892
3.188
0.9697
6.883
3.574
1.701
4.08
3.205
2.559
2.74
3.268
2.055
2.744
0.96
5.496
3.518
1.662
2.059
3.043
4.24
6.973
1.637
4.367
0.667
2.238
3.38
1.226
1.841
3.709
6.05
1.579
3.137
1.502
1.057
0.4802
12.33
6.562
6.02
5.02
1.578
0.788
0.4712
1.794
0.804
2.053
1.038
2.938
1.143
1.574
2.045
5.043
0.625
3.99
2.158
9.89
2.766
2.846
1.182
1.497
1.732
0.999
1.546
1.929
2.895
1.419
5.96
1.56
3.021
7.676
0.4019
0.4536
1.046
1.381
0.9824
0.9062
0.837
0.3389
0.6
3.91
9.64
1.825
4.74
4.39
1.601
7.58
1.434
2.2
2.51
2.037
4.797
45.34
3.988
3.133
1.803
2.453
8.875
1.862
4.168
1.212
1.86
0.8975
4.37
1.934
5.055
1.132
0.896
1.14
1.611
0.913
2.234
4.113
1.413
15.99
1.182
2.209
4.65
1.867
0.6943
0.7236
3.72
0.6455
0.6855
1.787
2.896
1.458
4.574
2.203
4.246
1.555
0.9526
0.699
0.0
7.316
3.73
0.773
0.3435
0.8887
2.924
2.32
1.751
2.172
1.764
0.616
6.254
1.535
2.115
0.9683
1.19
1.992
1.296
1.93
12.71
0.809
17.17
1.587
1.5
3.598
0.703
1.018
1.445
1.013
2.11
1.98
1.265
1.171
0.85
1.709
1.79
0.3735
2.615
5.03
0.957
1.063
1.359
1.92
5.086
1.736
3.32
0.976
0.648
6.695
1.259
1.635
0.89
3.219
1.563
3.979
2.637
2.582
1.799
2.783
5.05
6.176
4.93
4.18
6.016
3.262
1.6
2.633
1.085
7.06
5.812
1.865
6.703
1.255
2.344
2.736
2.936
0.976
1.111
1.876
0.4585
2.807
3.15
0.535
4.2
1.69
2.84
0.8667
4.78
1.275
0.926
1.453
7.39
1.982
0.1671
2.55
3.877
3.229
4.65
1.103
4.89
1.077
2.562
3.482
1.412
2.412
5.88
5.598
4.67
4.758
1.758
2.535
0.3389
2.969
2.959
4.26
6.496
2.275
1.067
0.388
3.18
0.9224
0.539
1.812
1.993
1.311
0.6157
0.4656
3.658
0.675
3.457
2.87
6.582
1.597
3.908
1.8545
2.92
1.938
1.184
1.028
1.408
1.754
1.766
9.09
0.6094
2.379
5.97
0.6875
0.613
0.47
1.408
1.412
0.817
1.198
1.372
0.892
3.312
10.65
1.144
1.944
2.307
1.036
6.14
2.371
1.338
3.732
1.6
3.383
20.22
3.135
1.904
3.791
3.0
7.117
3.494
5.305
1.111
0.79
1.39
7.11
2.092
5.375
2.496
2.568
1.413
2.56
0.994
2.066
2.74
0.9355
9.805
2.139
0.952
12.56
1.133
0.4285
0.679
3.469
0.62
1.675
3.896
1.416
0.9
5.223
2.242
5.08
3.652
5.23
1.277
0.0
4.32
4.555
1.375
0.61
0.712
3.002
0.555
1.582
1.064
2.46
1.182
5.152
4.344
1.595
0.939
0.7114
0.991
1.898
1.17
11.695
0.886
20.3
3.94
0.7324
2.307
2.707
1.304
0.839
0.7134
1.577
2.158
0.9785
2.531
0.8755
1.403
1.755
0.3005
2.79
2.605
1.087
1.646
2.861
1.3955
5.64
1.153
2.885
1.919
1.323
6.36
2.928
1.263
0.509
1.649
0.799
6.938
3.596
1.991
3.84
2.47
6.273
2.75
2.057
2.121
3.953
3.229
2.477
1.78
1.3955
13.48
6.07
3.096
1.57
1.306
6.12
1.945
3.348
2.002
1.671
1.099
0.6187
1.237
0.875
0.0961
4.59
0.6484
2.908
3.443
3.564
2.084
0.4954
0.8467
6.906
0.741
0.2384
2.46
4.117
0.5728
5.34
0.6655
1.311
1.138
1.453
3.246
1.618
6.816
3.111
4.074
3.104
6.45
2.393
2.523
1.131
2.188
2.863
3.098
4.79
1.94
1.124
0.5767
8.24
1.2
1.09
2.766
0.9746
1.252
1.3
0.3962
2.033
0.7544
3.205
2.219
6.72
0.899
2.627
1.448
2.037
1.632
1.24
0.5444
0.6255
0.9897
1.528
7.105
0.4521
1.265
2.717
0.2603
2.855
0.3481
0.4175
1.906
2.152
1.163
2.545
0.3618
1.722
11.805
0.856
1.144
1.869
1.605
4.082
2.623
1.407
2.768
2.145
1.891
8.99
2.377
1.377
4.652
2.676
2.73
2.486
2.5
4.02
1.564
0.7617
10.414
2.717
3.275
3.43
2.52
0.693
3.648
0.836
1.62
3.645
1.378
1.245
2.24
1.068
14.234
0.964
0.46
2.139
5.74
0.2494
1.143
2.078
1.63
2.38
3.516
2.908
1.707
4.35
11.39
4.5
0.0
1.436
4.336
1.21
1.069
0.755
1.733
0.05524
1.376
0.4773
1.206
0.8936
1.498
3.96
1.3955
0.8374
1.305
0.463
1.507
0.7656
6.582
0.619
11.42
3.21
0.996
3.234
1.981
0.7686
2.57
0.986
1.588
0.7563
0.4329
0.924
1.813
0.12134
1.708
0.785
4.215
16.45
1.044
0.8774
2.557
3.328
0.9194
1.316
3.223
1.152
5.58
5.32
1.563
2.17
1.428
2.309
1.063
2.408
3.16
1.805
3.178
1.94
8.02
4.707
1.959
1.179
3.102
2.941
3.69
2.102
1.375
7.22
3.072
2.617
1.679
2.162
4.223
0.6953
1.357
0.388
0.636
0.9985
0.731
4.22
1.645
0.1656
4.8
0.3083
0.957
9.17
2.541
2.541
3.008
1.203
4.613
0.592
0.673
1.484
4.46
2.707
7.37
1.425
0.571
4.01
1.468
3.012
2.611
1.291
0.9556
3.004
1.286
2.695
1.406
1.43
1.746
1.555
3.492
3.82
4.332
1.433
0.797
1.897
5.777
1.403
0.8896
2.406
0.6685
1.089
0.8086
0.343
1.437
1.172
1.176
1.181
4.98
0.9214
2.602
0.919
1.512
1.026
1.215
0.5747
0.574
0.4956
0.914
2.959
0.3591
2.62
7.01
0.1449
2.041
0.519
0.861
1.074
2.26
1.557
1.403
0.784
3.209
11.68
1.302
1.5
2.91
1.099
1.736
3.178
1.0205
2.072
0.5977
0.9077
17.89
5.348
1.817
1.859
0.9995
4.08
1.195
1.207
5.434
1.235
1.022
6.688
2.066
3.084
1.786
1.665
0.325
2.947
1.249
1.929
4.547
1.05
3.264
2.246
2.537
23.64
1.298
1.019
2.693
13.12
0.699
1.634
2.06
1.385
1.86
5.48
2.926
1.202
2.29
4.035
2.586
0.0
0.6177
4.58
1.799
2.004
0.33
0.602
0.1871
0.4211
0.3667
0.3743
0.4194
1.773
2.54
0.3977
0.2998
0.94
1.004
1.354
0.3372
5.543
0.7534
11.234
2.2
1.46
3.11
0.842
0.3743
3.895
0.472
1.228
0.475
0.282
0.5273
1.864
0.5146
2.348
2.506
3.2
30.92
1.849
0.737
1.803
2.77
0.5176
0.7407
2.893
0.3948
4.688
1.483
1.026
1.024
1.429
1.799
1.369
0.9775
2.252
1.004
1.616
1.204
1.987
2.246
1.608
1.497
0.75
2.824
2.295
1.673
1.851
3.168
7.42
4.176
1.553
1.112
5.02
0.8315
1.402
0.5864
1.262
1.166
3.033
3.824
1.364
0.2172
3.262
1.118
0.794
6.215
2.875
4.145
8.64
1.636
6.47
2.26
0.716
1.795
3.56
1.943
4.125
1.345
0.298
4.84
1.368
4.008
2.514
0.993
1.177
3.082
0.7075
1.066
1.108
1.021
1.251
1.886
2.01
5.117
3.781
3.914
0.9937
0.765
6.363
0.8647
0.3955
1.516
0.301
1.407
1.47
1.678
1.358
2.49
0.8022
0.9927
8.25
1.267
0.9224
0.971
1.484
0.664
0.4712
1.06
0.5264
1.56
1.17
0.8267
1.876
2.158
2.682
0.382
0.6885
2.756
1.203
0.966
2.008
0.8633
0.3086
0.71
4.758
8.97
1.439
2.014
2.96
2.275
1.237
2.994
2.488
1.955
0.2678
0.846
13.164
6.344
1.314
2.2
1.923
6.195
1.132
0.5967
1.226
1.767
0.8936
3.963
1.371
1.185
1.193
0.99
0.2854
1.123
1.656
1.499
2.596
0.5757
2.953
1.293
3.912
9.05
1.09
1.739
1.466
12.375
1.556
2.705
1.742
0.494
1.614
5.375
3.502
1.574
0.312
1.178
0.577
0.0
1.384
4.43
0.9756
1.52
0.3071
0.4006
0.4285
0.4683
0.3225
0.3389
0.199
2.51
1.206
0.761
0.5093
1.753
1.754
1.654
0.6367
10.74
1.312
12.93
0.667
0.904
2.137
0.651
1.158
2.791
0.6177
0.274
0.598
0.5273
0.7437
2.299
2.305
0.3618
3.648
2.293
28.98
1.176
0.7817
1.669
3.125
0.4146
1.19
1.598
0.179
6.613
0.424
2.807
0.88
1.411
1.633
1.083
2.547
1.295
1.54
0.6724
0.738
1.871
16.52
3.355
1.465
0.8716
1.493
0.3337
1.206
0.884
5.555
7.027
3.947
1.009
1.049
2.352
0.4062
0.772
0.9473
1.023
1.612
6.348
10.48
2.734
1.29
1.693
3.016
0.6074
3.701
1.623
6.3
7.504
1.824
3.367
3.46
2.305
1.861
1.985
1.789
2.0
1.822
0.7026
1.883
1.223
0.9272
1.719
0.582
3.242
1.718
0.777
0.736
0.6406
0.6455
0.9165
2.21
2.318
12.32
3.375
2.025
1.113
0.857
4.383
0.8477
0.8896
0.8354
0.4873
0.933
1.787
3.719
1.189
2.01
3.059
1.294
5.797
1.722
0.513
0.8057
1.302
0.826
2.945
1.4795
0.631
2.28
0.3748
1.061
2.936
1.554
1.0
1.127
1.139
5.46
2.271
0.6694
1.142
0.2135
0.618
1.1045
3.11
5.434
1.01
4.32
6.223
0.8423
2.904
2.615
2.912
1.518
0.532
2.861
10.38
6.26
1.518
1.37
1.035
4.797
0.3323
0.5957
1.199
1.217
0.8193
2.768
1.556
0.3613
2.162
1.0205
0.708
0.746
1.387
0.6724
1.574
0.5225
3.133
0.7085
2.693
7.62
0.789
2.86
1.168
2.21
1.867
1.463
1.743
0.696
1.848
4.566
2.727
2.773
1.728
0.3281
1.48
0.0
1.5625
5.79
2.133
0.7905
0.3108
0.2015
0.7285
0.3074
0.508
0.2317
0.2233
2.363
3.398
1.192
1.406
1.788
0.6655
0.6143
0.4749
11.66
0.682
15.03
0.9673
0.559
3.254
1.743
1.68
1.496
0.1433
0.0271
0.828
0.626
0.2037
1.66
2.785
0.293
1.255
1.204
18.89
1.121
0.8125
0.57
2.719
0.251
1.011
3.541
0.2983
6.5
0.4153
5.582
0.4976
0.971
2.25
1.622
2.793
0.8784
1.93
1.6
1.438
1.045
19.61
2.445
2.203
2.521
2.871
0.3384
0.48
1.824
4.65
6.215
2.559
3.652
0.766
0.979
1.393
0.4143
1.074
1.539
3.254
8.45
15.69
3.154
3.666
0.9897
1.382
0.3215
2.191
2.76
3.44
5.844
2.576
1.853
6.457
2.957
1.705
2.455
2.82
0.569
2.041
1.412
1.564
2.86
0.4531
1.201
1.521
3.098
2.375
0.5127
2.287
1.03
0.4048
0.222
3.664
3.781
3.357
3.092
1.267
0.64
1.052
6.445
1.34
1.62
1.11
1.006
1.372
0.757
3.447
2.254
1.556
1.518
1.065
10.87
1.9795
0.8657
1.285
4.633
2.973
7.395
2.852
0.845
3.18
0.6187
3.643
3.43
1.042
2.852
3.023
3.006
12.875
8.18
0.678
0.499
0.5254
0.484
2.252
2.885
2.98
2.736
4.906
4.773
3.125
9.72
1.785
1.252
0.6606
1.21
3.047
5.1
6.348
1.061
0.752
1.206
7.035
0.5864
1.699
0.803
2.004
1.361
3.688
2.266
0.7495
1.114
0.4932
1.733
1.099
0.524
0.2637
1.38
0.8506
4.65
0.2832
0.6
5.043
2.432
3.213
1.656
2.568
0.587
0.5205
0.5586
0.835
0.8315
4.613
1.857
5.445
2.387
0.3054
0.9785
0.0
3.059
13.53
2.326
1.51
0.988
0.682
0.405
1.791
1.748
0.621
0.7676
1.519
2.504
1.077
2.363
3.6
0.6226
0.1788
0.0924
3.52
0.2732
9.94
2.379
2.455
0.969
0.602
1.283
3.014
0.796
0.738
0.5874
0.4734
0.3127
1.414
4.438
1.6455
2.01
0.279
93.1
0.8584
0.899
2.273
4.715
2.922
0.69
3.834
0.4146
9.92
1.4375
3.764
0.719
0.9937
1.351
0.9634
0.266
1.351
0.7827
3.049
6.508
1.631
17.92
1.735
0.1346
1.355
0.3875
0.4202
3.732
4.973
9.695
7.68
2.953
10.04
0.5645
2.967
0.3987
1.435
1.426
1.344
1.967
5.883
4.926
4.734
3.67
5.227
0.884
1.228
0.9766
6.094
4.984
0.733
4.703
1.87
4.258
1.339
1.332
1.156
1.89
1.718
1.925
0.667
0.797
2.713
1.939
1.0625
1.898
2.51
2.219
0.6587
5.23
2.043
2.727
0.7007
2.68
1.257
1.679
2.283
2.66
0.4983
0.5757
3.85
1.428
0.776
0.695
0.985
2.85
1.649
3.75
7.15
1.964
3.834
1.472
7.97
1.017
2.889
2.232
11.49
2.23
4.09
10.98
0.5693
1.389
0.467
4.16
1.553
0.806
2.44
3.05
3.104
5.133
15.59
5.74
0.5723
1.211
0.4885
1.3
2.08
5.22
2.27
1.419
2.885
1.006
15.14
1.19
2.912
5.58
1.702
1.11
6.043
5.297
1.139
0.9536
0.4683
16.05
0.6104
1.127
0.58
0.478
1.345
3.154
0.3845
0.8306
0.305
2.996
4.93
2.033
0.968
0.952
0.896
0.439
4.44
0.864
1.108
6.133
4.03
7.4
0.1412
4.15
0.2795
1.225
2.676
1.45
5.984
5.934
0.8916
0.5234
2.584
4.445
1.226
0.0
2.396
10.66
1.762
1.912
0.86
1.17
0.8486
1.532
1.45
1.291
0.7534
2.238
3.432
1.084
1.625
3.695
0.3481
0.6123
0.537
6.113
0.2382
15.67
2.873
1.499
1.926
2.135
1.595
1.173
1.207
1.64
0.8936
1.073
0.2351
0.7554
1.922
1.754
1.975
1.369
11.016
0.742
1.64
3.758
3.07
2.19
0.4966
2.2
0.671
5.387
1.584
1.037
0.779
1.298
2.076
0.9634
0.0807
1.014
1.21
2.385
5.06
1.077
8.36
2.617
0.2808
1.749
0.3606
0.9355
2.926
3.623
6.434
4.06
2.844
3.078
0.801
1.349
1.56
1.112
1.378
1.956
2.053
2.62
11.72
4.28
4.453
3.87
1.558
0.6265
2.371
4.65
7.145
1.7705
2.701
3.73
4.676
2.277
1.731
4.074
1.952
3.275
1.463
1.259
0.1942
4.773
7.67
2.703
2.168
1.742
3.531
1.22
3.654
0.953
2.541
0.656
3.94
1.4795
1.337
3.57
1.439
0.3125
1.163
2.363
1.268
1.6
2.146
0.831
1.272
0.715
3.46
4.945
2.52
5.73
1.247
8.03
1.375
2.035
2.713
2.0
0.6836
2.467
5.234
0.872
1.707
1.071
3.879
1.328
1.078
4.945
0.9688
2.174
6.516
8.53
2.482
2.05
1.731
0.4019
2.266
6.043
10.44
1.265
1.618
3.812
1.34
14.445
0.835
3.607
1.007
2.33
1.045
8.53
1.704
1.495
1.901
0.9004
7.973
0.5034
1.858
1.273
1.462
1.131
6.2
0.1251
1.417
0.649
2.291
2.592
1.45
1.068
0.864
0.2898
0.351
10.414
1.227
0.9185
8.86
2.742
5.78
0.0272
1.588
0.5254
1.261
1.279
3.148
3.014
4.19
1.266
1.518
3.326
2.266
0.614
0.0
8.16
10.07
2.658
1.1
0.714
1.021
1.573
1.112
1.398
1.153
0.449
2.477
3.576
1.709
0.3857
1.666
0.762
1.302
1.1045
9.53
1.109
10.766
0.7954
1.861
2.72
1.4795
2.318
0.704
1.344
1.892
1.773
2.094
3.973
1.33
1.183
0.8447
0.4546
3.266
14.75
0.7583
2.6
4.746
6.617
4.14
1.1045
2.11
1.594
5.51
3.258
2.293
2.736
4.414
3.576
1.144
0.837
3.834
1.41
1.304
3.008
1.633
16.95
2.516
0.6265
5.008
1.031
0.604
2.57
3.273
2.336
5.723
2.785
1.3955
1.226
2.94
3.258
1.166
0.988
1.234
2.127
1.14
12.78
5.164
3.752
4.047
1.694
2.033
6.33
4.688
5.305
0.965
2.318
2.873
0.9404
1.614
4.203
6.734
2.266
4.258
1.188
1.425
0.5654
5.25
6.184
2.61
3.258
2.396
2.338
0.607
1.052
1.15
2.059
0.786
3.758
1.298
3.871
3.111
2.928
0.3982
1.359
6.207
0.9204
2.273
2.586
1.291
0.638
1.774
1.031
1.927
2.938
3.203
1.695
15.3
1.067
4.023
5.316
1.049
0.4795
0.6577
1.152
0.7764
2.729
1.028
1.446
0.9443
1.949
6.133
1.669
4.09
4.746
2.697
2.035
0.7944
1.403
1.314
1.759
10.24
29.05
1.128
2.78
2.205
2.176
10.48
3.354
3.34
1.8545
1.847
0.958
8.766
6.316
3.775
1.405
0.942
4.35
0.851
1.482
3.004
2.309
1.259
8.06
1.369
3.516
0.7715
1.867
0.694
1.172
1.248
0.5664
0.868
1.163
10.984
1.043
1.393
9.19
4.13
1.275
0.9307
2.264
1.485
0.8564
0.592
1.403
0.5073
4.027
1.393
1.572
2.994
2.105
0.8994
0.0
7.438
5.33
3.56
1.583
0.783
2.146
1.81
1.984
2.174
0.967
1.143
1.088
2.527
2.676
0.648
1.546
1.411
0.9634
2.098
13.266
1.81
17.95
0.8887
1.109
2.664
0.3582
2.086
0.6074
0.848
1.416
0.946
0.7173
5.64
2.373
2.877
0.979
0.3408
5.016
12.93
1.542
0.748
3.693
4.14
3.314
1.22
3.35
1.415
5.133
6.574
1.32
3.184
4.383
4.195
1.797
1.793
4.695
1.05
3.076
3.676
2.186
16.88
2.08
1.862
4.574
4.15
1.078
1.511
1.927
1.1045
2.334
2.455
0.4387
1.263
1.551
3.615
0.369
1.445
0.7656
0.718
1.725
17.19
2.912
0.3774
5.01
2.158
1.549
4.22
3.158
5.945
1.559
2.654
2.96
1.083
2.115
6.66
6.234
6.7
6.457
1.391
3.418
0.399
1.265
2.79
1.848
4.215
3.455
3.168
0.4995
1.865
1.319
0.5405
1.372
2.549
1.489
1.514
0.7085
2.123
0.43
1.178
8.25
0.6123
1.3125
3.553
2.025
1.244
1.985
1.222
1.282
2.145
1.941
2.11
23.33
0.417
3.168
4.137
1.795
0.6475
0.2954
1.176
1.116
2.459
1.472
5.86
1.404
1.651
6.777
1.046
1.68
2.492
1.746
1.649
1.313
0.854
1.954
1.381
7.227
12.95
0.8867
1.689
4.64
2.662
8.4
6.293
4.254
1.701
0.7847
1.483
14.25
6.832
4.016
3.1
2.701
5.395
1.353
1.613
2.78
1.538
0.8335
4.945
2.477
1.516
2.086
1.133
0.4282
1.1
1.163
0.544
2.123
2.535
5.367
0.6436
1.59
9.35
4.934
2.996
5.11
4.137
3.752
1.721
2.064
1.023
0.529
4.832
2.93
1.082
0.859
1.297
1.686
0.0
6.125
15.08
2.686
1.535
0.468
1.067
2.65
1.203
2.0
1.06
1.351
2.701
1.234
1.716
2.494
1.98
0.819
0.6787
1.569
14.46
1.4
38.8
0.915
0.911
2.611
0.2878
2.225
0.3145
0.963
2.191
1.991
0.521
6.254
1.576
2.5
1.925
0.696
4.76
30.06
1.19
0.4275
1.893
2.115
5.78
1.662
2.584
3.021
4.555
8.164
0.588
1.327
2.223
2.758
1.778
2.775
3.178
1.35
5.87
3.84
3.625
3.955
2.166
4.86
3.252
4.73
2.21
2.271
1.128
1.49
1.028
0.6816
0.07886
1.379
0.5947
3.703
1.465
1.078
1.251
0.3838
1.006
16.06
1.089
0.538
4.84
2.291
0.275
4.848
1.906
1.593
1.6455
1.505
2.758
1.241
5.977
3.525
4.535
4.453
8.76
1.893
3.4
1.332
0.932
2.7
1.343
3.107
2.945
3.334
0.7427
4.832
1.717
1.094
2.094
1.247
1.423
3.195
0.6025
1.18
0.4805
1.093
6.38
0.625
0.7393
2.389
1.582
0.8677
1.672
1.28
0.678
0.9526
1.096
1.826
18.23
0.3096
1.685
1.883
0.679
3.018
0.2189
0.3484
1.507
6.48
1.429
10.87
0.57
0.858
7.508
0.7827
0.9873
2.02
2.705
1.097
1.453
0.898
1.449
1.852
4.04
5.758
0.6724
1.222
5.695
2.375
3.223
4.477
2.004
6.156
1.553
0.813
20.88
8.87
2.447
4.258
2.65
2.646
1.927
1.356
2.178
2.045
1.228
0.628
2.594
1.701
2.363
0.964
0.4597
3.465
1.925
0.2189
1.447
1.353
6.18
1.703
1.07
12.125
1.659
3.568
11.125
14.56
2.242
1.078
2.041
3.035
0.2384
4.38
2.09
2.03
0.761
2.438
1.39
0.0
1.781
13.75
2.35
1.369
0.8584
0.4988
2.104
0.787
1.126
0.7397
0.7603
2.201
1.678
2.406
1.827
1.168
2.51
0.938
1.579
5.066
0.619
14.164
1.896
0.0788
2.541
0.752
3.361
1.987
0.9253
1.168
1.778
1.243
1.02
1.8
2.793
1.155
2.934
3.984
16.05
2.047
1.2
2.648
2.816
2.006
1.461
2.342
2.5
3.58
10.44
1.006
1.265
1.235
2.164
1.621
4.137
3.75
1.33
3.145
1.943
3.064
4.227
3.586
3.354
1.162
1.918
0.4287
0.865
1.025
1.761
3.508
1.28
0.1359
1.443
0.2827
1.219
3.902
0.768
1.526
2.33
1.428
10.734
0.869
1.519
2.918
2.482
1.299
6.69
4.082
0.6934
5.805
1.5205
2.559
2.004
1.132
1.083
3.344
1.845
3.656
1.112
1.928
2.057
0.6626
3.291
1.656
2.812
2.176
2.363
2.443
3.389
2.006
0.8926
1.822
0.8555
1.237
1.988
0.522
0.8335
0.7466
0.401
3.395
0.4631
0.7573
2.363
1.004
0.644
1.051
1.254
0.7163
0.874
0.549
1.092
7.594
0.2458
3.488
4.86
0.3782
2.156
0.3264
0.7188
0.8486
6.81
1.912
5.992
1.234
1.6
7.43
1.19
1.296
3.145
1.851
0.4663
1.762
0.651
1.085
0.516
1.938
11.45
1.513
1.612
2.275
0.887
4.81
2.152
0.9673
8.31
1.226
1.091
13.41
6.75
2.303
2.219
1.75
1.24
1.557
2.027
2.594
2.55
0.935
1.6455
2.602
4.04
3.926
1.298
1.019
4.363
4.4
0.614
2.07
1.341
5.25
1.331
1.669
12.195
1.168
1.878
3.941
8.375
0.7964
1.171
0.959
1.088
0.4558
1.7705
1.707
0.927
0.5938
0.4001
1.662
0.0
2.107
8.81
0.67
0.49
0.618
1.082
1.89
0.3467
0.9478
0.901
0.748
1.508
2.459
2.312
0.7764
0.569
3.803
0.449
1.221
3.184
0.4033
8.086
1.949
0.3342
3.492
2.402
2.553
3.734
1.638
0.981
1.254
1.034
0.5737
1.013
2.506
0.396
2.467
1.111
10.54
0.966
1.2
2.064
3.625
0.8145
1.041
1.303
1.271
2.22
2.588
0.48
1.039
1.569
0.523
1.556
2.572
2.986
1.79
1.381
4.695
4.89
3.908
1.846
3.986
1.391
1.981
0.648
1.715
1.197
7.305
3.178
1.0625
0.1782
0.9805
1.025
1.011
2.645
0.869
2.49
6.695
1.941
15.05
3.318
1.616
3.53
1.981
0.932
3.742
3.852
0.3623
7.004
1.417
3.408
1.928
0.8706
1.334
3.432
1.015
1.447
0.877
1.377
1.473
0.803
1.895
2.219
2.455
5.94
2.947
0.9854
3.732
1.237
0.3967
1.147
0.3853
1.599
3.613
2.55
0.7886
1.586
0.2734
2.854
0.767
1.041
0.8384
1.061
0.6323
0.68
0.4863
1.32
0.802
1.726
1.398
2.121
1.284
2.875
1.857
0.9976
0.7275
1.733
1.005
0.7637
6.047
1.061
1.317
1.118
2.371
5.707
1.316
1.74
3.201
3.834
0.3325
1.659
1.588
1.023
0.2313
1.808
8.43
1.794
1.166
2.691
1.707
7.31
2.037
0.4783
1.876
1.754
0.954
7.94
4.477
0.885
1.481
1.041
1.09
0.5933
2.688
2.016
1.457
0.513
1.489
1.497
6.227
1.502
1.09
1.739
2.373
4.152
1.365
3.426
1.133
1.872
1.154
1.637
14.6
1.53
0.2559
1.15
1.868
0.548
2.123
1.384
1.319
0.304
3.578
4.082
0.5796
0.749
1.264
1.29
0.0
2.984
4.188
1.281
0.833
1.153
1.889
2.31
0.6543
1.838
1.568
0.8604
0.4573
1.523
1.59
0.6
1.759
2.725
0.5874
0.2725
4.008
0.755
11.41
2.404
1.497
0.538
3.496
1.829
3.5
1.042
1.041
1.162
1.167
0.46
1.627
1.384
0.1794
3.479
0.3176
28.81
0.8296
1.187
1.873
2.867
2.121
0.5986
1.998
0.529
1.36
2.436
3.53
2.166
1.536
0.608
0.8228
0.374
2.152
0.855
2.422
4.44
4.62
2.54
1.739
1.867
0.6787
1.091
1.047
1.392
1.656
15.29
8.71
2.13
1.059
0.509
2.766
0.7734
1.575
0.4907
3.783
5.816
2.166
7.832
5.082
5.203
3.66
1.1045
0.8584
1.815
5.22
0.854
2.725
1.266
0.788
1.318
0.5103
3.676
1.912
1.114
0.9985
0.507
0.87
1.079
0.9424
2.186
5.344
2.191
3.076
3.305
1.104
2.568
1.212
0.8926
0.6323
0.6235
1.061
4.395
5.656
0.69
1.28
1.043
3.719
0.5396
1.416
0.466
0.88
0.5547
0.846
3.041
1.844
0.9604
2.523
0.4478
2.72
2.01
2.068
0.693
2.943
1.203
3.434
1.8955
0.5293
3.438
0.2622
2.639
1.738
1.55
3.457
0.9233
3.732
6.727
1.419
0.78
1.449
1.857
0.7944
0.4595
6.11
6.65
1.771
1.346
1.676
0.9185
5.66
0.598
0.4773
1.836
1.208
0.8745
5.547
5.082
0.27
2.684
1.073
2.703
0.394
2.25
0.9043
0.8833
0.4658
1.58
0.8203
4.285
1.266
0.789
2.857
1.892
0.741
1.639
1.853
1.135
2.639
1.321
1.391
11.36
2.693
1.417
0.3206
4.793
0.593
2.469
0.9
7.59
1.862
6.152
2.137
1.206
1.19
1.219
0.3596
0.0
2.809
11.8
2.008
2.299
1.177
0.717
0.8574
0.4883
1.994
0.8154
1.001
0.663
0.942
2.42
1.607
2.553
1.461
0.1364
0.02695
5.55
0.8955
3.123
1.736
1.808
0.4358
1.202
0.9604
2.281
0.993
1.082
0.3965
1.016
0.2783
1.382
3.068
0.2993
3.42
0.311
57.28
0.4692
0.8164
2.58
4.297
2.326
0.406
2.504
1.258
2.652
1.359
4.19
1.579
2.309
1.759
1.581
0.3794
0.8564
1.765
2.025
3.932
2.998
9.195
1.2705
0.7773
2.328
0.5854
1.187
2.092
3.342
20.36
13.04
2.457
3.008
0.2976
1.268
0.4094
0.932
0.8345
2.064
4.53
3.059
4.31
9.484
6.676
3.352
1.366
1.354
0.516
5.848
1.716
2.264
2.96
0.3853
0.9214
1.334
3.51
2.645
0.7354
3.104
0.815
0.5454
0.2615
1.562
3.564
1.455
2.008
1.924
1.899
1.355
3.78
1.916
1.625
0.841
1.286
1.56
1.861
5.242
1.309
0.991
0.517
3.062
1.011
1.627
0.787
1.403
1.974
3.045
7.633
3.555
1.287
3.52
0.7393
9.34
2.348
1.389
1.976
7.89
3.176
8.09
6.83
0.5356
1.503
0.6455
2.066
3.543
1.438
1.896
2.502
4.234
5.156
5.266
2.61
0.9893
0.7993
0.346
1.045
6.508
3.268
1.796
0.941
0.92
1.071
8.305
1.057
1.361
1.2295
1.989
1.453
7.39
7.4
0.5596
1.385
0.5186
6.62
0.5806
0.85
0.3545
0.7744
0.758
2.346
0.3281
0.955
0.838
2.432
3.213
2.682
0.861
0.515
0.6597
0.3633
3.164
0.5947
1.405
7.742
5.293
1.958
0.2983
3.168
0.9814
1.346
0.8394
2.693
4.97
3.875
0.912
0.7627
1.623
2.062
1.024
0.0
